# .PCD v0.7 - Point Cloud Data file format
VERSION 0.7
FIELDS x y z
SIZE 4 4 4
TYPE F F F
COUNT 1 1 1
WIDTH 2272
HEIGHT 1
VIEWPOINT 0 0 0 1 0 0 0
POINTS 2272
DATA ascii
1.45181 -0.101551 0.26661301
1.451865 -0.103894 0.267106
1.451821 -0.104548 0.26673901
1.451772 -0.10747 0.26735201
1.451703 -0.108051 0.26746699
1.451676 -0.109283 0.26728299
1.451522 -0.110578 0.26663199
1.451649 -0.111131 0.267019
1.451292 -0.099688001 0.266911
1.451189 -0.100253 0.26713201
1.451277 -0.100935 0.266615
1.451273 -0.101497 0.266895
1.451231 -0.102064 0.267124
1.451144 -0.10262 0.267409
1.4513 -0.103279 0.26709199
1.450989 -0.105613 0.267488
1.451175 -0.106252 0.26731899
1.45113 -0.106836 0.26742399
1.451032 -0.108622 0.26753801
1.451046 -0.109868 0.26727799
1.451053 -0.111668 0.26734301
1.45116 -0.112423 0.266386
1.450953 -0.113479 0.267297
1.451018 -0.114202 0.266541
1.450977 -0.114722 0.26707101
1.450677 -0.099049002 0.267039
1.4506789 -0.099708997 0.266642
1.450547 -0.112951 0.26677099
1.450516 -0.114772 0.266689
1.450488 -0.116546 0.26692501
1.450085 -0.097815998 0.26712
1.450001 -0.098347999 0.26758
1.449918 -0.115352 0.266736
1.450038 -0.116037 0.26625499
1.449777 -0.116569 0.26662201
1.44977 -0.117141 0.266826
1.449602 -0.118257 0.267351
1.4496599 -0.094857 0.26670301
1.449495 -0.095432997 0.26682201
1.4496109 -0.096031003 0.26689601
1.449603 -0.096667998 0.26664901
1.449464 -0.097222999 0.26692399
1.4492871 -0.117735 0.26682499
1.449283 -0.118375 0.26659301
1.4490139 -0.118862 0.26723599
1.449139 -0.119496 0.26708999
1.4492019 -0.120222 0.26634201
1.4491431 -0.120785 0.266579
1.449061 -0.12137 0.266673
1.448995 -0.092384003 0.267012
1.448971 -0.094212003 0.26684499
1.448958 -0.094705999 0.26761201
1.448415 -0.121891 0.26707101
1.448384 -0.091808997 0.26668301
1.448416 -0.092387997 0.266866
1.448243 -0.092941001 0.26714599
1.4483891 -0.093590997 0.26686701
1.447976 -0.122624 0.26621801
1.44807 -0.123199 0.26643601
1.447934 -0.124971 0.26664299
1.4477839 -0.090522997 0.267162
1.447942 -0.091204002 0.26665401
1.447281 -0.124297 0.26695499
1.447322 -0.125534 0.266792
1.447293 -0.126175 0.26655999
1.447317 -0.126737 0.26683399
1.447183 -0.089271002 0.267389
1.447263 -0.089934997 0.26696301
1.446733 -0.12673099 0.26676899
1.4466389 -0.1274 0.266341
1.446575 -0.088633999 0.267519
1.4465851 -0.089252003 0.267398
1.446034 -0.12854099 0.26665401
1.446069 -0.129778 0.26650399
1.446049 -0.087457001 0.26722601
1.4459291 -0.087980002 0.267755
1.445528 -0.12910999 0.26680899
1.445644 -0.129833 0.26612601
1.4454449 -0.130922 0.26679501
1.4454449 -0.13163701 0.26613
1.445503 -0.13279501 0.26646701
1.445524 -0.086262003 0.26707301
1.445405 -0.086799003 0.26750299
1.444873 -0.132772 0.26649201
1.444971 -0.133348 0.26670599
1.444909 -0.086249001 0.26703501
1.444173 -0.086124003 0.267773
1.4434921 -0.13381501 0.267232
1.443723 -0.083782002 0.26723501
1.443723 -0.084330998 0.26763099
1.443728 -0.085617997 0.267003
1.442987 -0.133845 0.26698199
1.443051 -0.13510001 0.266738
1.443264 -0.083238997 0.266729
1.442487 -0.13507301 0.26681799
1.442596 -0.082575999 0.26703399
1.4426351 -0.083150998 0.26724899
1.441866 -0.135764 0.26619601
1.442098 -0.082630999 0.26653099
1.441286 -0.135773 0.266054
1.4412791 -0.13706 0.26560199
1.441234 -0.13753501 0.26636201
1.4413739 -0.138285 0.26556101
1.441533 -0.081952997 0.26699999
1.440695 -0.138824 0.26583001
1.44089 -0.081944004 0.26691601
1.439937 -0.13996699 0.266076
1.4402829 -0.080159999 0.26662499
1.4402601 -0.080669001 0.267324
1.44023 -0.081267998 0.267324
1.440261 -0.081942998 0.266776
1.4397269 -0.080115996 0.26684499
1.4388 -0.139933 0.266101
1.438792 -0.140578 0.26587501
1.439043 -0.079475999 0.26697499
1.439169 -0.080086999 0.26695499
1.438265 -0.14106899 0.26647499
1.43859 -0.078901 0.26670501
1.4376661 -0.14176001 0.26588401
1.438044 -0.078294002 0.26664099
1.437019 -0.141765 0.26574099
1.437245 -0.078152001 0.26751199
1.436527 -0.14298999 0.26561201
1.436664 -0.078188002 0.267111
1.43565 -0.142952 0.265643
1.435783 -0.14348499 0.26610899
1.436094 -0.077609003 0.266812
1.435223 -0.14348599 0.26602
1.4356641 -0.07643 0.266574
1.435614 -0.076990999 0.26686701
1.435051 -0.075805001 0.26662099
1.433955 -0.14398301 0.266433
1.4333479 -0.143957 0.266482
1.433867 -0.075097002 0.26719299
1.43297 -0.14473 0.265508
1.433226 -0.075176001 0.26641601
1.432198 -0.145253 0.26583201
1.432731 -0.074573003 0.26634499
1.431726 -0.14525799 0.265753
1.431613 -0.145836 0.26587901
1.4320821 -0.073890001 0.26683199
1.432017 -0.074433997 0.26724899
1.43093 -0.146405 0.26596901
1.43142 -0.073885001 0.26670501
1.430909 -0.073270999 0.266707
1.430258 -0.073182002 0.26725
1.429245 -0.146432 0.26557201
1.42917 -0.14704099 0.26553699
1.429728 -0.072575003 0.26719499
1.4280289 -0.147008 0.26554999
1.427948 -0.14755499 0.26586199
1.428496 -0.072575003 0.266904
1.427447 -0.148214 0.26550901
1.4279751 -0.071345001 0.26702899
1.42794 -0.071937002 0.267086
1.426729 -0.14818101 0.26556399
1.427321 -0.071350001 0.26682299
1.426156 -0.148701 0.26596701
1.426726 -0.069491997 0.267133
1.4267811 -0.070100002 0.267104
1.425557 -0.14875799 0.26555401
1.426196 -0.068273999 0.26716599
1.426182 -0.068855003 0.26731601
1.424929 -0.14872199 0.265652
1.425702 -0.067111999 0.26675701
1.425667 -0.067727 0.266617
1.4244061 -0.148746 0.26545
1.424391 -0.14932799 0.26558599
1.425065 -0.065915003 0.266561
1.424988 -0.066459998 0.26698101
1.425155 -0.067114003 0.26662201
1.4238451 -0.149354 0.265369
1.42451 -0.06408 0.26671699
1.424461 -0.064631 0.267104
1.424482 -0.065227002 0.26714799
1.42308 -0.14922 0.26596901
1.423903 -0.062201001 0.26722199
1.423862 -0.062765002 0.26750299
1.423816 -0.063349001 0.26761401
1.423939 -0.064076997 0.26660901
1.423449 -0.062244002 0.26678601
1.422127 -0.149354 0.26511499
1.421801 -0.149765 0.26611
1.422786 -0.062245 0.266597
1.421397 -0.15044001 0.265699
1.422181 -0.061556 0.267196
1.4208519 -0.150508 0.26524201
1.421544 -0.061544999 0.26711801
1.420131 -0.150399 0.265719
1.420854 -0.060883999 0.26744199
1.420964 -0.061556999 0.26688299
1.419619 -0.150396 0.26567501
1.420378 -0.060299002 0.26722601
1.418915 -0.15038 0.26563701
1.418893 -0.15095501 0.26580599
1.419677 -0.060249001 0.26745301
1.419122 -0.060212001 0.267645
1.417819 -0.150472 0.264972
1.41861 -0.059613001 0.26752999
1.4171211 -0.150884 0.26593801
1.418102 -0.059695002 0.266725
1.4175121 -0.059076998 0.26673499
1.415886 -0.15081 0.26615399
1.41688 -0.059023 0.26703101
1.41546 -0.151581 0.26520801
1.4162771 -0.059050001 0.26664901
1.415736 -0.106169 0.265255
1.415405 -0.10667 0.26581401
1.4155689 -0.1073 0.26570401
1.41552 -0.107834 0.26615
1.415458 -0.109002 0.266395
1.4147609 -0.151411 0.26602501
1.415666 -0.059021 0.26673701
1.4149801 -0.10362 0.265975
1.415002 -0.104179 0.266287
1.414925 -0.104789 0.26621699
1.415004 -0.109731 0.265513
1.414899 -0.110302 0.265688
1.415027 -0.110933 0.26556399
1.414878 -0.11151 0.26568699
1.414205 -0.15084399 0.265726
1.415053 -0.058977999 0.26695201
1.4144959 -0.103062 0.26559699
1.41441 -0.112136 0.26548201
1.414274 -0.112662 0.265944
1.413455 -0.151457 0.265553
1.414444 -0.059487 0.267571
1.413879 -0.100623 0.26563999
1.413798 -0.101232 0.26557201
1.413771 -0.10181 0.265735
1.413806 -0.10239 0.26590899
1.413723 -0.113246 0.265984
1.412986 -0.15147901 0.26538301
1.414004 -0.059602 0.26652199
1.413224 -0.100515 0.26624
1.41289 -0.114448 0.26583099
1.412941 -0.115045 0.265899
1.412526 -0.15094499 0.26492399
1.413265 -0.058885999 0.26729
1.412581 -0.100491 0.26627001
1.412431 -0.11563 0.26595101
1.4123451 -0.116166 0.26636001
1.4117171 -0.15138 0.26572499
1.4127491 -0.058903001 0.26703301
1.412117 -0.099933997 0.26588699
1.41172 -0.116185 0.266119
1.411323 -0.151485 0.26511699
1.411441 -0.099233001 0.26641199
1.411167 -0.116789 0.266029
1.41064 -0.151372 0.265625
1.4115 -0.0583 0.26673701
1.410813 -0.098729998 0.265589
1.410789 -0.099232003 0.26628
1.410501 -0.116771 0.266013
1.410058 -0.151444 0.26513901
1.410277 -0.098638996 0.26612201
1.410098 -0.117475 0.26534799
1.409883 -0.117954 0.266067
1.409552 -0.152032 0.26518801
1.410305 -0.058251001 0.266855
1.409614 -0.098600999 0.26624799
1.409326 -0.117924 0.26616499
1.408761 -0.151447 0.264909
1.40982 -0.058265999 0.266637
1.409142 -0.097442999 0.265836
1.4082381 -0.151326 0.26550999
1.409166 -0.058274999 0.26637501
1.4085031 -0.097452 0.26563901
1.408254 -0.118018 0.26540199
1.407645 -0.15195601 0.26529399
1.408587 -0.058857001 0.26639301
1.407958 -0.097439997 0.265627
1.407528 -0.117906 0.26595899
1.407063 -0.152004 0.26494199
1.407802 -0.058701001 0.26749
1.407004 -0.117939 0.26567101
1.40643 -0.151839 0.26575899
1.4071521 -0.058711 0.26722801
1.4067349 -0.097425997 0.26547399
1.405876 -0.15132 0.26518601
1.406184 -0.097359002 0.26584101
1.405916 -0.117922 0.26560199
1.405229 -0.15180001 0.26578701
1.406231 -0.058208998 0.26621899
1.405497 -0.097308002 0.266045
1.405107 -0.118416 0.266121
1.405637 -0.057567999 0.26642099
1.405085 -0.097354002 0.265681
1.404608 -0.117847 0.265825
1.404016 -0.151869 0.26521799
1.403909 -0.118404 0.26598701
1.404276 -0.057424001 0.267281
1.4037859 -0.097851999 0.26613399
1.403487 -0.117879 0.265432
1.402949 -0.15188301 0.26500201
1.403788 -0.056882001 0.26668501
1.403851 -0.057427999 0.26718301
1.40282 -0.117869 0.265367
1.402261 -0.151733 0.26570901
1.403273 -0.056880999 0.266588
1.402469 -0.097769 0.26642299
1.402187 -0.117783 0.265793
1.4016089 -0.152409 0.26522699
1.402647 -0.056837998 0.26679
1.401948 -0.097796999 0.26614001
1.4016941 -0.117201 0.265576
1.4009809 -0.15236001 0.265394
1.402018 -0.056795001 0.266994
1.401516 -0.098504998 0.265365
1.401001 -0.117179 0.265576
1.4013979 -0.056798 0.26680601
1.400802 -0.098408997 0.26586699
1.400339 -0.117082 0.266065
1.399761 -0.151794 0.264974
1.400938 -0.056853998 0.26623899
1.400207 -0.099039003 0.26556799
1.399766 -0.117075 0.266009
1.399177 -0.15226001 0.26567101
1.400321 -0.056751002 0.26697201
1.399675 -0.099042997 0.26544699
1.398811 -0.153065 0.26456499
1.3990231 -0.099009 0.265542
1.399127 -0.056777 0.26644501
1.3983231 -0.100166 0.26572999
1.398168 -0.117109 0.265542
1.397489 -0.15293001 0.26509199
1.398482 -0.056692999 0.266994
1.39781 -0.100144 0.26579899
1.397717 -0.10073 0.26588401
1.396971 -0.15365 0.26440999
1.397123 -0.100831 0.26507801
1.397101 -0.101317 0.26587299
1.396947 -0.114023 0.26571199
1.396742 -0.115731 0.26631299
1.3962179 -0.15413301 0.26495799
1.396237 -0.154774 0.26478601
1.396232 -0.155416 0.26459801
1.397314 -0.056717999 0.26649001
1.396611 -0.10258 0.265425
1.396335 -0.11337 0.26590499
1.395738 -0.112227 0.26536801
1.395781 -0.112749 0.265917
1.395121 -0.155452 0.26425201
1.3961329 -0.056720998 0.26617301
1.395292 -0.103165 0.26528201
1.395288 -0.104332 0.26555499
1.395245 -0.110418 0.265264
1.395135 -0.110976 0.265524
1.394554 -0.15533701 0.26479799
1.394434 -0.15584999 0.265279
1.395484 -0.056044001 0.26665699
1.394873 -0.104379 0.265194
1.394682 -0.104952 0.265333
1.394603 -0.106175 0.265205
1.39468 -0.107362 0.26538101
1.3946609 -0.107959 0.26542199
1.39466 -0.108648 0.264864
1.394527 -0.109082 0.265939
1.394591 -0.109765 0.26544899
1.393917 -0.15596899 0.26456401
1.393859 -0.15659 0.264483
1.394106 -0.104872 0.26576599
1.394094 -0.10672 0.265522
1.3931479 -0.157085 0.264974
1.39326 -0.157777 0.264552
1.394356 -0.056026999 0.26653901
1.393503 -0.104854 0.26576799
1.392766 -0.15773401 0.26473299
1.392626 -0.158298 0.264927
1.392058 -0.158924 0.264752
1.393131 -0.055996999 0.26648
1.391353 -0.158801 0.26529601
1.392589 -0.055973999 0.26655501
1.390727 -0.15941 0.265196
1.391431 -0.055385001 0.26617
1.389696 -0.16015001 0.264366
1.390766 -0.055300001 0.26672599
1.389027 -0.16067401 0.26471099
1.388299 -0.16011401 0.26432699
1.389553 -0.055254001 0.266808
1.387849 -0.16001099 0.264833
1.389062 -0.054673001 0.26654699
1.387185 -0.160658 0.26451999
1.388356 -0.054634999 0.266671
1.386575 -0.160091 0.26420599
1.3877569 -0.054595999 0.26685601
1.385974 -0.159477 0.264144
1.387243 -0.054644 0.26632699
1.38541 -0.16001201 0.26446399
1.386639 -0.054588001 0.26666301
1.3847851 -0.159345 0.264676
1.385921 -0.054591 0.266426
1.385476 -0.053957999 0.26662999
1.383463 -0.159913 0.264687
1.38477 -0.054471999 0.26717499
1.384228 -0.053886998 0.26691601
1.383643 -0.053861 0.266996
1.381937 -0.159325 0.264388
1.383168 -0.052754 0.26609099
1.383092 -0.053288002 0.26662999
1.3824871 -0.052710999 0.266276
1.381866 -0.052707002 0.266146
1.379961 -0.158675 0.26429501
1.381227 -0.053188 0.26700899
1.379382 -0.159254 0.26436901
1.3808039 -0.052655 0.26635501
1.3800811 -0.053213 0.26651099
1.378336 -0.158611 0.26442301
1.379487 -0.053199999 0.26647201
1.379001 -0.053204998 0.26632899
1.377106 -0.158581 0.26439801
1.378437 -0.052616 0.266096
1.37639 -0.158581 0.264276
1.377838 -0.052588999 0.266179
1.377175 -0.051936001 0.26646
1.377121 -0.052508999 0.266666
1.375227 -0.15795299 0.26421201
1.376609 -0.051364001 0.26607099
1.374735 -0.157387 0.26392299
1.3746099 -0.157912 0.26433799
1.375941 -0.051933002 0.26616099
1.3739901 -0.157208 0.264754
1.3734241 -0.156617 0.26458099
1.374819 -0.051311001 0.266078
1.374238 -0.051314 0.26590401
1.372263 -0.15599599 0.26448199
1.372345 -0.156647 0.264276
1.373597 -0.051197 0.26675701
1.371685 -0.156038 0.264173
1.372973 -0.051204 0.26652899
1.371029 -0.15534 0.26455
1.372526 -0.051215 0.26635
1.370383 -0.15529899 0.26466799
1.369899 -0.15483899 0.26380801
1.371197 -0.050558001 0.26648101
1.369297 -0.15403301 0.26478899
1.369374 -0.154819 0.26384601
1.3701611 -0.049387999 0.26597899
1.3700891 -0.049982999 0.26599199
1.370123 -0.050512001 0.26663399
1.367879 -0.15403201 0.264552
1.369468 -0.049288001 0.266664
1.3689229 -0.049348 0.266
1.367049 -0.15343501 0.264415
1.368289 -0.049297001 0.26628
1.366346 -0.15286399 0.26408699
1.367806 -0.048748001 0.265726
1.3656909 -0.152236 0.264088
1.365806 -0.15286601 0.26400399
1.367226 -0.048682 0.26616299
1.365198 -0.152262 0.26388699
1.366617 -0.048707999 0.26577201
1.364584 -0.151676 0.263666
1.364589 -0.15229 0.26363799
1.36599 -0.048675001 0.26589301
1.365412 -0.048012 0.26631001
1.363372 -0.151484 0.26453701
1.364825 -0.047989 0.26636699
1.36278 -0.15149499 0.264386
1.36419 -0.047961 0.26643699
1.3621401 -0.150895 0.26423499
1.363654 -0.047364999 0.266278
1.361589 -0.15021101 0.264577
1.362977 -0.047338001 0.266323
1.360991 -0.15030301 0.26398
1.362479 -0.047398999 0.26566899
1.361779 -0.047304999 0.26630199
1.35987 -0.150281 0.26393899
1.3611929 -0.046686999 0.266312
1.359322 -0.149637 0.26405999
1.360613 -0.047242999 0.26655799
1.358586 -0.149497 0.26470101
1.360001 -0.046622001 0.26658201
1.358073 -0.14904299 0.26378199
1.3595051 -0.046624001 0.26645899
1.357525 -0.148407 0.26385599
1.358904 -0.046613 0.26639301
1.3568881 -0.148892 0.26443499
1.358321 -0.046027001 0.26611799
1.356294 -0.148959 0.26397499
1.357693 -0.045976002 0.26640999
1.355584 -0.14834 0.26391
1.3571531 -0.044845 0.26564601
1.355105 -0.147743 0.26379001
1.356455 -0.044780001 0.266029
1.354531 -0.14772899 0.26378399
1.353938 -0.147131 0.26363301
1.353906 -0.147681 0.26394901
1.355431 -0.044826001 0.26537299
1.353325 -0.14650001 0.26366401
1.353386 -0.14703099 0.26411501
1.354741 -0.044121999 0.26611501
1.3528709 -0.146521 0.26349699
1.35211 -0.146979 0.26419199
1.3536381 -0.044119999 0.26586401
1.351485 -0.14640801 0.26388299
1.3515739 -0.146993 0.264045
1.353056 -0.043451998 0.26632801
1.353071 -0.044208001 0.26491001
1.350931 -0.146402 0.26383999
1.352428 -0.042296 0.26574799
1.3524131 -0.042934 0.26539201
1.350379 -0.145871 0.263327
1.3518 -0.042268001 0.26583099
1.349882 -0.14586499 0.263302
1.351265 -0.041737001 0.26505899
1.351316 -0.04236 0.26487699
1.3492661 -0.145658 0.26436201
1.350716 -0.041735001 0.26493299
1.348501 -0.145124 0.2638
1.348544 -0.145702 0.26398399
1.3500741 -0.042243 0.26560599
1.347936 -0.145088 0.26392001
1.34945 -0.041579001 0.26602501
1.347398 -0.14503799 0.264128
1.348857 -0.041019998 0.26548401
1.346806 -0.144495 0.26367
1.348339 -0.041017 0.265385
1.34618 -0.14438 0.26421201
1.3476419 -0.040991999 0.265407
1.345432 -0.144357 0.264204
1.34714 -0.040971 0.265481
1.344864 -0.143695 0.26442
1.344401 -0.143776 0.26391199
1.345971 -0.040350001 0.26536
1.343853 -0.143085 0.264303
1.3454241 -0.039767001 0.265064
1.345392 -0.040323999 0.26545101
1.3447649 -0.039696999 0.265522
1.342563 -0.143042 0.26432699
1.3442219 -0.039705001 0.265313
1.341972 -0.14305399 0.264171
1.343583 -0.039092001 0.26524699
1.341548 -0.14310899 0.263818
1.343101 -0.038559999 0.264494
1.34076 -0.14249299 0.263713
1.3424571 -0.037864 0.26521599
1.340331 -0.141968 0.263197
1.341844 -0.037827 0.265387
1.339606 -0.141774 0.264166
1.341308 -0.037792001 0.265587
1.339211 -0.141297 0.26338801
1.340745 -0.036042001 0.26495799
1.3405499 -0.037198 0.26528201
1.3383451 -0.141192 0.26381099
1.33794 -0.140671 0.26327699
1.337842 -0.14115 0.26397899
1.3394949 -0.035417002 0.26483399
1.339522 -0.03596 0.26539299
1.337159 -0.139953 0.263751
1.337236 -0.140559 0.26378399
1.3389601 -0.034745 0.26539499
1.336742 -0.139953 0.263708
1.338418 -0.034115002 0.265544
1.336024 -0.13995101 0.263594
1.3377711 -0.032901999 0.26548001
1.337695 -0.034049001 0.265944
1.3354681 -0.13990501 0.26377299
1.337296 -0.032295 0.26544499
1.334905 -0.139964 0.26335099
1.3367161 -0.030502999 0.26521
1.336632 -0.031022999 0.26595101
1.336586 -0.031597 0.266177
1.336599 -0.032228 0.26587
1.334235 -0.139948 0.26332799
1.336086 -0.028664 0.26541999
1.336076 -0.029244 0.265605
1.335988 -0.030383 0.266159
1.3336819 -0.139892 0.26356801
1.335616 -0.026921 0.26474801
1.335551 -0.028082 0.265102
1.333092 -0.13926201 0.263596
1.3350101 -0.026873 0.265053
1.332528 -0.13861001 0.263762
1.3325371 -0.139272 0.26345599
1.33455 -0.024511 0.264588
1.334335 -0.026207 0.265515
1.3339601 -0.019641999 0.265201
1.333901 -0.020817 0.26541099
1.333818 -0.021398 0.265551
1.333937 -0.023212001 0.265439
1.333919 -0.023824001 0.26528901
1.333919 -0.024505001 0.26444799
1.333825 -0.025686 0.26458099
1.3312809 -0.137925 0.26399699
1.331292 -0.138565 0.26381701
1.3334171 -0.017823 0.265293
1.333298 -0.018401001 0.26545101
1.333429 -0.018975001 0.26578301
1.333285 -0.022655001 0.264781
1.332799 -0.017758001 0.26579699
1.3299969 -0.137915 0.26383701
1.332211 -0.016581001 0.26538801
1.33214 -0.017123001 0.26595601
1.32951 -0.13729399 0.263852
1.3315769 -0.015865 0.26645601
1.331471 -0.016450999 0.26652899
1.328948 -0.13615 0.26335201
1.330972 -0.015814001 0.26682499
1.3304681 -0.014077 0.26605001
1.330483 -0.014683 0.26597199
1.3303961 -0.015247 0.26629099
1.327829 -0.13673399 0.26332101
1.3298 -0.014041 0.266204
1.327222 -0.13597099 0.26411399
1.329347 -0.013491 0.265551
1.3266571 -0.136062 0.263502
1.328625 -0.013411 0.26617599
1.328046 -0.012807 0.26605001
1.328016 -0.013363 0.26650801
1.3254009 -0.13540199 0.263596
1.327557 -0.012856 0.265367
1.324823 -0.135461 0.263161
1.326908 -0.012215 0.265616
1.32435 -0.136007 0.26346201
1.326303 -0.011562 0.26603699
1.3264 -0.012182 0.26584399
1.3236279 -0.135423 0.26319301
1.32576 -0.011555 0.265944
1.322934 -0.13594 0.26359501
1.32515 -0.010971 0.265571
1.325196 -0.011547 0.26584399
1.3223881 -0.13531099 0.26363501
1.3245749 -0.010979 0.26528701
1.3218811 -0.13541999 0.262936
1.32402 -0.01032 0.26580101
1.324047 -0.010925 0.26574501
1.3212759 -0.13540199 0.26294199
1.323396 -0.010294 0.26587999
1.320559 -0.134638 0.26371101
1.322723 -0.01024 0.266247
1.319973 -0.133477 0.2633
1.320152 -0.134161 0.26291201
1.320101 -0.134643 0.26362899
1.322261 -0.0096819997 0.26567
1.319381 -0.13338 0.26376599
1.321618 -0.0090410002 0.26592901
1.321667 -0.0096389996 0.26595601
1.318951 -0.13294099 0.26273599
1.320998 -0.0090640001 0.26543999
1.318229 -0.133359 0.26370701
1.320425 -0.0089760004 0.26626399
1.319883 -0.0083980002 0.26586801
1.316974 -0.133458 0.26292101
1.319284 -0.0084119998 0.265488
1.31639 -0.13331901 0.263641
1.315833 -0.133313 0.263587
1.318087 -0.0071689999 0.265627
1.318126 -0.0077229999 0.26616201
1.3151799 -0.132631 0.26391
1.3174599 -0.0071390001 0.26574999
1.314618 -0.132046 0.26368701
1.316936 -0.0071109999 0.26590899
1.314033 -0.13203999 0.26362601
1.31635 -0.0064909998 0.26596701
1.3134069 -0.13137899 0.26383099
1.313508 -0.132052 0.263484
1.3150589 -0.0064349999 0.26614901
1.3122849 -0.131474 0.26310301
1.314422 -0.0064210002 0.26607201
1.3117189 -0.131392 0.26349801
1.314031 -0.0052939998 0.265172
1.313976 -0.0058490001 0.26565701
1.311083 -0.131492 0.262802
1.313298 -0.0052160001 0.265807
1.310533 -0.130885 0.26270899
1.312748 -0.004677 0.26492801
1.312806 -0.005227 0.265526
1.312272 -0.0046350001 0.265288
1.309251 -0.130799 0.26299301
1.311679 -0.0040310002 0.26514101
1.311062 -0.0039809998 0.26551199
1.308075 -0.130187 0.26282799
1.310462 -0.0039989999 0.265086
1.307483 -0.12949 0.263253
1.309834 -0.0039590001 0.26533401
1.3069119 -0.128767 0.26384699
1.309284 -0.0033170001 0.26567701
1.3062789 -0.12875301 0.263818
1.308665 -0.0032810001 0.265872
1.305775 -0.12882701 0.26330799
1.308151 -0.0027079999 0.265414
1.305091 -0.128223 0.263161
1.307519 -0.0020860001 0.26546401
1.307461 -0.002626 0.26612899
1.306962 -0.002635 0.26587
1.303937 -0.127537 0.26344299
1.306288 -0.002598 0.26605001
1.303363 -0.128172 0.26318699
1.305758 -0.0014 0.26590401
1.305711 -0.001992 0.26594499
1.3028359 -0.128139 0.26330799
1.305197 -0.001407 0.26561901
1.302094 -0.127483 0.263448
1.304599 -0.00080699997 0.26542801
1.301542 -0.12745599 0.263524
1.300998 -0.127545 0.26291201
1.3033381 -0.000138 0.265825
1.300295 -0.126872 0.26317099
1.30283 0.00041899999 0.26515499
1.299817 -0.12682 0.26341701
1.302181 -9.5000003e-05 0.26593399
1.29923 -0.126908 0.26279601
1.301668 0.00049100001 0.26562801
1.298651 -0.126315 0.26261199
1.301095 0.001137 0.26601401
1.298049 -0.125662 0.26278201
1.298051 -0.12629899 0.26260799
1.300512 0.002265 0.26496899
1.300455 0.001749 0.26595101
1.2999541 0.0023099999 0.265333
1.2992899 0.0023690001 0.26579699
1.296169 -0.12552901 0.26324901
1.298774 0.002936 0.265239
1.2986701 0.0024079999 0.266047
1.295586 -0.12550101 0.26332101
1.298094 0.0035369999 0.265003
1.29814 0.00293 0.26492
1.295023 -0.124941 0.262945
1.2950701 -0.125525 0.26310301
1.2975169 0.0036009999 0.265598
1.2970001 0.003578 0.26513401
1.2938859 -0.124889 0.263073
1.296424 0.0042050001 0.265297
1.2932481 -0.124873 0.26305699
1.2957979 0.0042170002 0.265203
1.292592 -0.124321 0.262604
1.295188 0.0042539998 0.26543
1.292019 -0.123678 0.26272601
1.294571 0.0042480002 0.265111
1.291517 -0.122991 0.26313001
1.294017 0.004896 0.265549
1.290848 -0.122979 0.26307899
1.293486 0.0054950002 0.26538199
1.290248 -0.122983 0.26295701
1.292313 0.005535 0.265457
1.289134 -0.121708 0.263138
1.289216 -0.12236 0.26289099
1.2916811 0.0055749998 0.26570901
1.288588 -0.121119 0.262936
1.291111 0.006201 0.265861
1.291072 0.005566 0.265356
1.2878129 -0.121085 0.262988
1.2905231 0.0067830002 0.26543799
1.289891 0.0067730001 0.26505801
1.28671 -0.121711 0.262703
1.289355 0.007425 0.26557001
1.2860759 -0.121016 0.26312101
1.288726 0.0068640001 0.26578799
1.285553 -0.121112 0.262454
1.2880369 0.0068350001 0.26511401
1.284814 -0.121701 0.26243001
1.287503 0.0074800001 0.26553801
1.284286 -0.121711 0.26228899
1.28693 0.00746 0.265064
1.283659 -0.120988 0.26287699
1.286255 0.0075190002 0.26555201
1.283038 -0.120432 0.26245099
1.283137 -0.121055 0.262391
1.2856849 0.0081310002 0.265524
1.285762 0.0075210002 0.265398
1.282539 -0.120393 0.26261601
1.2852221 0.0092979996 0.265008
1.285172 0.008684 0.264759
1.2819819 -0.120442 0.26223099
1.281397 -0.12035 0.26269099
1.284048 0.009362 0.265387
1.280808 -0.119692 0.26289701
1.280134 -0.119053 0.26296601
1.280154 -0.119766 0.262326
1.282878 0.0099790003 0.26519299
1.2828749 0.0094060004 0.265506
1.2795579 -0.118546 0.26224899
1.282236 0.010011 0.26534
1.279018 -0.118515 0.262353
1.281655 0.010587 0.264833
1.278481 -0.118381 0.26309201
1.2810431 0.011184 0.26456901
1.280996 0.010633 0.26515901
1.277788 -0.11652 0.263197
1.2777981 -0.117815 0.26271001
1.2804821 0.011263 0.26540801
1.279947 0.011301 0.265715
1.279323 0.011297 0.265412
1.278698 0.012513 0.26544201
1.2786731 0.01193 0.26561201
1.278163 0.012522 0.265351
1.277606 0.013116 0.26509601
1.277632 0.012556 0.265616
1.27703 0.013143 0.265232
1.276412 0.013763 0.265286
1.273024 -0.114647 0.26268801
1.275844 0.014327 0.264597
1.275743 0.01379 0.26535001
1.272517 -0.115219 0.26282901
1.275221 0.014375 0.26499501
1.271271 -0.115235 0.26250601
1.2706161 -0.114523 0.26303899
1.273502 0.015005 0.26473501
1.272822 0.015044 0.26497501
1.2694989 -0.112651 0.26316199
1.269562 -0.113293 0.26296401
1.2694761 -0.113934 0.26272899
1.272221 0.015077 0.26518101
1.271674 0.015701 0.26533699
1.2711281 0.016319999 0.26542899
1.267598 -0.112629 0.26295301
1.2704819 0.015676999 0.26450101
1.2672 -0.112023 0.26290101
1.269873 0.015714999 0.264772
1.269291 0.016346 0.264999
1.265983 -0.11139 0.262844
1.268844 0.016966 0.26515999
1.265336 -0.112041 0.262445
1.2681659 0.017022001 0.265645
1.264726 -0.111998 0.26260999
1.267611 0.018221 0.265488
1.267608 0.017602 0.265183
1.264151 -0.111464 0.26204699
1.267085 0.018219 0.265255
1.263721 -0.111346 0.26273999
1.266476 0.018850001 0.26547599
1.262985 -0.110675 0.26299
1.26574 0.018860999 0.26527801
1.262449 -0.110714 0.26265401
1.265324 0.018843001 0.26487699
1.261722 -0.110754 0.26225799
1.264605 0.018865 0.26485801
1.261186 -0.110118 0.262353
1.2612129 -0.110692 0.26257101
1.264021 0.018909 0.26522699
1.260585 -0.109534 0.26209199
1.263423 0.019516001 0.26511499
1.259966 -0.109434 0.26261801
1.262885 0.020148 0.26541001
1.259431 -0.109394 0.26278499
1.262285 0.020741999 0.26509699
1.262337 0.020145001 0.26513499
1.258839 -0.10944 0.26238701
1.25814 -0.108802 0.26244101
1.260999 0.021373 0.26500899
1.261061 0.020788001 0.26521301
1.2576391 -0.108787 0.26245999
1.260545 0.02197 0.264833
1.259879 0.022035999 0.26549301
1.256428 -0.108166 0.262326
1.2593189 0.022050999 0.26547599
1.255832 -0.108164 0.26223099
1.258756 0.02263 0.264961
1.255231 -0.107501 0.26247999
1.258216 0.023251999 0.26511699
1.258211 0.02266 0.26517799
1.254572 -0.106963 0.26190901
1.254645 -0.107557 0.26201999
1.257701 0.023290001 0.26546201
1.254096 -0.106857 0.26251999
1.257058 0.023832999 0.26436299
1.2533751 -0.106295 0.26208201
1.25353 -0.106913 0.26206401
1.256514 0.02444 0.26426899
1.255071 -0.025207 0.26403201
1.252893 -0.106201 0.262615
1.25594 0.025082 0.264696
1.254491 -0.022771001 0.2642
1.254491 -0.023349 0.26442999
1.254549 -0.023949999 0.26445299
1.2545249 -0.025784999 0.264103
1.252333 -0.106156 0.262804
1.25536 0.025093 0.264606
1.254029 -0.022162 0.26417601
1.253956 -0.026466001 0.26314101
1.2539001 -0.027070999 0.26307401
1.251668 -0.105674 0.26187399
1.251712 -0.106257 0.26204199
1.253708 -0.016119 0.26457101
1.2536319 -0.017944001 0.26426601
1.25337 -0.027648 0.26317099
1.251093 -0.105634 0.26202899
1.254128 0.0263 0.26422
1.253077 -0.014963 0.263901
1.253101 -0.015565 0.263886
1.253088 -0.017374 0.263785
1.252839 -0.020992 0.26349699
1.252625 -0.028221 0.26320699
1.250478 -0.104942 0.26246199
1.253511 0.026350999 0.26470599
1.252458 -0.014344 0.26390499
1.252341 -0.018588001 0.26338899
1.252225 -0.020376001 0.26347101
1.251874 -0.029363001 0.263551
1.2518131 -0.029966 0.263506
1.251768 -0.030562 0.263533
1.249963 -0.104961 0.26225099
1.252789 0.025737001 0.264072
1.251899 -0.013705 0.264148
1.25176 -0.019739 0.263731
1.249424 -0.104982 0.262025
1.252273 0.026382999 0.26460901
1.251228 -0.013091 0.264079
1.248675 -0.10433 0.26216
1.25174 0.02702 0.26499599
1.250649 -0.012437 0.264485
1.250652 -0.013062 0.264211
1.251255 0.027607 0.264651
1.249977 -0.011842 0.264202
1.247514 -0.103718 0.261985
1.250618 0.027643999 0.26489899
1.249323 -0.011216 0.26426601
1.249463 -0.011827 0.26420999
1.246884 -0.103688 0.26205701
1.250031 0.028248999 0.264768
1.248839 -0.01063 0.26397601
1.246218 -0.103028 0.262274
1.24931 0.028256999 0.26451299
1.2482851 -0.010546 0.26472899
1.245695 -0.102497 0.26168999
1.248877 0.028864 0.26449901
1.248824 0.028309001 0.26512599
1.2477911 -0.0099200001 0.26487899
1.2482899 0.028913001 0.26499
1.247115 -0.0093729999 0.26405501
1.247169 -0.009935 0.264503
1.244606 -0.102381 0.262256
1.247553 0.029505 0.26452801
1.247615 0.028937999 0.265048
1.246547 -0.0087090004 0.264597
1.246563 -0.0092879999 0.26482701
1.245787 -0.035822999 0.26330701
1.243975 -0.10177 0.26216501
1.2470241 0.030125 0.26466101
1.247175 0.029531 0.26482099
1.246052 -0.0087270001 0.26424301
1.245445 -0.032166999 0.263697
1.245379 -0.034573 0.26366401
1.243355 -0.101671 0.26269501
1.24647 0.030107999 0.26414099
1.245376 -0.0087179998 0.26410601
1.242788 -0.101089 0.26242501
1.245858 0.030765999 0.26482299
1.244776 -0.0081409998 0.26365101
1.244779 -0.0087270001 0.26381099
1.242282 -0.099933997 0.26195401
1.242278 -0.101072 0.26245499
1.244133 -0.0074760001 0.26416901
1.2416461 -0.099260002 0.26227799
1.241621 -0.099882998 0.26216501
1.244779 0.03076 0.26421899
1.2436661 -0.007491 0.263863
1.241074 -0.098678999 0.261996
1.243106 -0.006875 0.26385999
1.2418849 -0.046115 0.26177701
1.240478 -0.098015003 0.26227
1.243564 0.030230001 0.26468199
1.24231 -0.0074390001 0.263964
1.241264 -0.046087999 0.26185
1.239962 -0.098048002 0.261958
1.242883 0.030879 0.26516899
1.241894 -0.006786 0.264458
1.240715 -0.046034999 0.262182
1.240643 -0.046608999 0.26240101
1.242525 0.032053001 0.264752
1.241186 -0.0067870002 0.26419401
1.240139 -0.046606001 0.26231599
1.238778 -0.098598003 0.26211801
1.24178 0.032037999 0.26410401
1.24071 -0.0061619999 0.26434299
1.239524 -0.046560001 0.26255801
1.238016 -0.098559998 0.26220599
1.241142 0.032069001 0.264274
1.240088 -0.0061699999 0.26402801
1.238995 -0.047729 0.26275301
1.238804 -0.048974998 0.262328
1.237391 -0.097988002 0.26185399
1.24045 0.032703001 0.264516
1.240597 0.032109 0.26466101
1.239574 -0.0055530001 0.26406801
1.239898 0.032715 0.26444
1.2388411 -0.0055260002 0.264101
1.236277 -0.097911999 0.26215699
1.239339 0.033925001 0.26445299
1.239336 0.033372 0.265167
1.238427 -0.0055269999 0.26398501
1.23711 -0.050811999 0.26169801
1.23571 -0.097397998 0.26143399
1.235685 -0.097974002 0.26163301
1.238719 0.033955999 0.26464501
1.237807 -0.0048230002 0.26496899
1.234929 -0.097344004 0.26162699
1.238212 0.033975001 0.26472399
1.23725 -0.0048529999 0.26444599
1.234513 -0.097222 0.262382
1.2376159 0.034001 0.26484701
1.23656 -0.0048469999 0.26425999
1.235154 -0.050655 0.262523
1.233844 -0.097212002 0.26232001
1.237083 0.034616001 0.26490599
1.237084 0.034008998 0.26472899
1.235979 -0.0042380001 0.26416999
1.234622 -0.050680999 0.26217601
1.2333699 -0.097222999 0.26216999
1.236333 0.034632001 0.264761
1.23536 -0.0042369999 0.26395899
1.235823 0.035247002 0.26482999
1.233409 -0.049435999 0.2622
1.232124 -0.096614003 0.26194099
1.235361 0.037023 0.26440299
1.23533 0.036432002 0.26446301
1.235171 0.035827 0.26420099
1.235262 0.035275001 0.26501301
1.2342041 -0.0029849999 0.26419401
1.232911 -0.048833001 0.26208299
1.2314529 -0.096571997 0.262086
1.234774 0.037029002 0.26419899
1.233525 -0.0023950001 0.263825
1.2323869 -0.048806999 0.26218599
1.230863 -0.095899999 0.26241001
1.234241 0.037041001 0.26413599
1.231679 -0.049384002 0.26222199
1.230211 -0.095959999 0.26188001
1.233547 0.038242001 0.263895
1.233551 0.037075002 0.264332
1.232305 -0.0023139999 0.26434001
1.231117 -0.048785999 0.26204401
1.229725 -0.095233999 0.26259699
1.2330641 0.038297001 0.264615
1.2305 -0.048746999 0.26221699
1.229105 -0.094687 0.262077
1.228567 -0.094146997 0.26153201
1.2286479 -0.094640002 0.26232201
1.231794 0.038311001 0.264162
1.229175 -0.049337 0.26198801
1.227849 -0.094012 0.26229
1.2313631 0.038911 0.26403999
1.228567 -0.049316 0.26200899
1.227252 -0.094630003 0.262104
1.230689 0.039542999 0.26427901
1.226769 -0.094627999 0.26203799
1.230054 0.039568 0.26437399
1.227424 -0.049322002 0.26167899
1.229395 0.039623 0.26495999
1.228119 -0.007057 0.26349601
1.226889 -0.049268998 0.26201299
1.22551 -0.094609998 0.261911
1.229007 0.040197 0.26441699
1.227458 -0.0070230002 0.26365
1.2274311 -0.00758 0.264121
1.2272511 -0.0082130004 0.263659
1.2262321 -0.048671 0.26178899
1.225019 -0.094544001 0.26227599
1.224851 -0.095201001 0.26188201
1.228296 0.04084 0.26482701
1.225685 -0.048587002 0.26238301
1.2243 -0.094486997 0.262508
1.226185 -0.0081599997 0.26390699
1.226131 -0.0093130004 0.264397
1.225086 -0.047977 0.26229
1.223648 -0.094522998 0.26213399
1.227291 0.041421998 0.26407501
1.225603 -0.0092949998 0.26443601
1.224512 -0.047389001 0.262018
1.223104 -0.095094003 0.262274
1.226504 0.041464001 0.264337
1.225094 -0.0093130004 0.26407701
1.225065 -0.0098959999 0.26425001
1.223946 -0.046778999 0.261931
1.222652 -0.095158003 0.261778
1.22245 -0.095744997 0.26185
1.225983 0.042077001 0.264373
1.225927 0.041510999 0.26486799
1.224476 -0.010544 0.26352501
1.224362 -0.011136 0.26356399
1.223357 -0.046705998 0.26242
1.2254651 0.042073999 0.26405701
1.223721 -0.0111 0.26373699
1.223677 -0.011674 0.264007
1.222824 -0.046138 0.261985
1.221276 -0.095779002 0.26140201
1.224824 0.043325 0.26476201
1.2231359 -0.011698 0.26357701
1.222227 -0.046147 0.26175699
1.220714 -0.095697999 0.26183999
1.224299 0.043322001 0.26441899
1.2224669 -0.012233 0.26405299
1.220103 -0.095693 0.26176101
1.223729 0.04391 0.263969
1.221912 -0.012837 0.26383999
1.220955 -0.046055 0.262225
1.219473 -0.095655002 0.26189101
1.219294 -0.096299998 0.26158401
1.2230051 0.043979 0.26478201
1.221207 -0.013479 0.26314101
1.221261 -0.01405 0.26348799
1.221296 -0.015233 0.26369101
1.2213089 -0.015825 0.26378801
1.220459 -0.033383001 0.262238
1.2203929 -0.043028001 0.26218599
1.220335 -0.046064999 0.26197499
1.218868 -0.096326001 0.26134601
1.222545 0.043977 0.264525
1.220619 -0.015819 0.263614
1.2198271 -0.041784 0.26237899
1.2199121 -0.042367 0.262584
1.218179 -0.096897997 0.261446
1.221951 0.045187999 0.26454201
1.219519 -0.033335 0.26245201
1.219301 -0.041255001 0.26159301
1.217693 -0.096918002 0.26123399
1.219061 -0.032148 0.26218301
1.217101 -0.096818998 0.261783
1.220592 0.045821998 0.26443899
1.220675 0.045203999 0.26408401
1.218276 -0.02977 0.261648
1.218312 -0.030973 0.261673
1.216543 -0.096836001 0.26156801
1.216463 -0.097433001 0.261612
1.22014 0.046452999 0.26487201
1.218291 -0.01636 0.26352099
1.217809 -0.029162999 0.261576
1.217663 -0.030383 0.26136801
1.215819 -0.097319998 0.26223499
1.219575 0.046463002 0.26474801
1.215256 -0.097990997 0.26171401
1.218956 0.047662001 0.264505
1.218877 0.047065999 0.264429
1.218956 0.046479002 0.264667
1.216468 -0.028565999 0.26111901
1.21459 -0.097984001 0.26162401
1.214627 -0.098635003 0.26134899
1.218452 0.047653001 0.26405701
1.216099 -0.027868999 0.26196101
1.214076 -0.098645002 0.26118901
1.217923 0.048296999 0.26470301
1.2178741 0.047727 0.26515901
1.2132781 -0.099197 0.26138601
1.2172689 0.048911002 0.26464501
1.217249 0.048330002 0.26490501
1.212698 -0.099788003 0.26139
1.216459 0.048937 0.264617
1.212145 -0.099858999 0.26082599
1.211551 -0.100387 0.26123899
1.215524 0.04896 0.264561
1.210827 -0.101026 0.26088801
1.214968 0.048976 0.264548
1.2102441 -0.101027 0.260777
1.210251 -0.10155 0.261334
1.214342 0.049582001 0.264357
1.20968 -0.101573 0.26108399
1.209584 -0.102174 0.261098
1.213603 0.049607001 0.26435599
1.20909 -0.102759 0.26117
1.213186 0.049614001 0.264283
1.208373 -0.102699 0.26141399
1.212463 0.050274 0.26509199
1.207703 -0.103355 0.26097399
1.207774 -0.103937 0.26116401
1.211952 0.050852001 0.26445401
1.207242 -0.103906 0.26127499
1.211457 0.051460002 0.26440901
1.206652 -0.104461 0.261511
1.206604 -0.105112 0.26122299
1.205994 -0.105743 0.26096699
1.2101181 0.052108999 0.26462999
1.210187 0.051502999 0.264469
1.205238 -0.1062 0.26177901
1.205283 -0.106868 0.26141101
1.204711 -0.10683 0.261554
1.2040631 -0.107447 0.26137701
1.2041169 -0.108058 0.26137599
1.204087 -0.108751 0.26084
1.203964 -0.109968 0.26080599
1.208396 0.052733999 0.264146
1.2034039 -0.110585 0.26066399
1.2034169 -0.111114 0.261163
1.2078789 0.053332001 0.26387
1.2028559 -0.111045 0.2615
1.207284 0.053948998 0.26394001
1.207283 0.053371001 0.26430401
1.202211 -0.111067 0.26124501
1.202135 -0.111658 0.26133299
1.202137 -0.112225 0.26159599
1.2021 -0.112924 0.26102501
1.202116 -0.113463 0.261466
1.202075 -0.114123 0.26113901
1.2020479 -0.114739 0.26108801
1.206676 0.053963002 0.26383701
1.201432 -0.115952 0.26101199
1.200731 -0.115965 0.260802
1.2007281 -0.116531 0.26106599
1.200736 -0.117082 0.26142499
1.200694 -0.118351 0.26110801
1.205514 0.055204999 0.26415101
1.200129 -0.117779 0.260786
1.200089 -0.118937 0.26114601
1.20007 -0.119613 0.26074201
1.199952 -0.120186 0.26093301
1.199494 -0.120186 0.26086399
1.199479 -0.120758 0.26109001
1.1992069 -0.122601 0.26093301
1.204389 0.055229001 0.263935
1.198752 -0.122624 0.26073599
1.198693 -0.123236 0.26071
1.198694 -0.123844 0.26072001
1.203742 0.055876002 0.264599
1.203743 0.055280998 0.264608
1.198065 -0.124354 0.26120499
1.203235 0.056467999 0.26420799
1.197506 -0.123896 0.260216
1.196926 -0.123861 0.260333
1.201972 0.057082999 0.26376399
1.196413 -0.123115 0.26106399
1.196327 -0.123822 0.26046699
1.201435 0.057121001 0.26423901
1.195791 -0.120192 0.260205
1.195779 -0.120663 0.261033
1.195851 -0.121392 0.26033899
1.195739 -0.122606 0.260344
1.200684 0.057707001 0.26347601
1.20074 0.057130001 0.26394701
1.195206 -0.120071 0.260833
1.200258 0.058341999 0.26409701
1.194719 -0.118286 0.26049399
1.194756 -0.119521 0.26041499
1.194651 -0.120082 0.260676
1.1995831 0.058947999 0.26385599
1.199564 0.058370002 0.26421699
1.194066 -0.116918 0.26128599
1.194104 -0.11823 0.260732
1.1935641 -0.115194 0.26057199
1.193478 -0.115783 0.26067501
1.193511 -0.116401 0.26063201
1.192883 -0.114517 0.26086399
1.192331 -0.113886 0.26090699
1.1973161 0.062022999 0.264534
1.197423 0.060828 0.26452899
1.197373 0.060222 0.264222
1.191757 -0.112714 0.260526
1.19183 -0.113242 0.26104501
1.1969661 0.063216999 0.264449
1.191196 -0.112601 0.261132
1.196359 0.064415999 0.26420301
1.196297 0.063845001 0.264734
1.190703 -0.111965 0.26122299
1.190073 -0.111418 0.26072201
1.190151 -0.112007 0.260869
1.195052 0.064473003 0.26456201
1.189407 -0.110732 0.26107901
1.188833 -0.110178 0.26064
1.193823 0.063914001 0.264478
1.1882631 -0.110092 0.261076
1.187647 -0.110116 0.26082301
1.187143 -0.109435 0.261195
1.192239 0.067511998 0.26403201
1.192176 0.066919997 0.26402101
1.1922441 0.065732002 0.26415601
1.186576 -0.109468 0.260887
1.19159 0.068719998 0.263964
1.1916161 0.068143003 0.26445901
1.185928 -0.108973 0.260052
1.191077 0.068732001 0.26387399
1.185329 -0.108907 0.26036301
1.190461 0.068737999 0.26352301
1.1847579 -0.108301 0.26024601
1.1900001 0.069371998 0.26421401
1.184114 -0.108187 0.26084799
1.18353 -0.108253 0.26032901
1.183005 -0.108238 0.26034001
1.1881059 0.068837002 0.26418501
1.182296 -0.1075 0.26101401
1.187427 0.071239002 0.26422599
1.187435 0.070643 0.26419801
1.187495 0.070041999 0.26409599
1.1875499 0.069459997 0.264496
1.181747 -0.107615 0.26019901
1.1868989 0.071849003 0.264209
1.180986 -0.107634 0.25993201
1.18641 0.071873002 0.264469
1.1804 -0.107504 0.260647
1.1798559 -0.108173 0.26018
1.1793751 -0.108098 0.26057401
1.1848691 0.079019003 0.263522
1.178771 -0.107448 0.26072901
1.184098 0.077858001 0.26356599
1.1780781 -0.107987 0.26103699
1.1835589 0.079052001 0.26320699
1.177462 -0.108065 0.26043701
1.183056 0.079687998 0.26407301
1.176824 -0.10864 0.260535
1.1825579 0.080286004 0.26370099
1.176229 -0.108605 0.260654
1.175619 -0.108581 0.260692
1.181211 0.080943003 0.264341
1.181295 0.080351003 0.264514
1.1750799 -0.108487 0.261197
1.174467 -0.109231 0.260243
1.18014 0.083333999 0.26372701
1.180133 0.082740001 0.26372701
1.180118 0.082156003 0.264034
1.180099 0.081568003 0.26420501
1.173867 -0.109819 0.26026699
1.179563 0.083342001 0.263365
1.173242 -0.109815 0.26018101
1.178944 0.083370999 0.26367301
1.172568 -0.109747 0.260483
1.178424 0.083384998 0.26363701
1.172038 -0.109159 0.260261
1.1777641 0.083419003 0.26406601
1.171374 -0.109664 0.26079601
1.170702 -0.109693 0.26049
1.176012 0.082858004 0.26329699
1.175446 0.08348 0.26363701
1.168885 -0.109088 0.260142
1.174729 0.083499998 0.26352301
1.168311 -0.109059 0.26022401
1.174278 0.085891999 0.263614
1.174319 0.085298002 0.263661
1.174278 0.084112003 0.26369199
1.167757 -0.109003 0.260483
1.173741 0.087695003 0.263794
1.173704 0.085905001 0.26342601
1.167151 -0.108984 0.260499
1.166481 -0.108407 0.260171
1.172664 0.088910997 0.26361799
1.172592 0.088312998 0.26333299
1.165862 -0.108297 0.26075101
1.172069 0.088933997 0.26376799
1.165291 -0.108947 0.260398
1.171598 0.095466003 0.26324999
1.171598 0.093686 0.26328301
1.171553 0.093106002 0.26381999
1.171488 0.089543998 0.26366901
1.171479 0.088955 0.26385099
1.164674 -0.108844 0.260934
1.17105 0.096678004 0.26368499
1.171078 0.096089996 0.26397699
1.170965 0.095489003 0.26339301
1.171091 0.094306 0.26382601
1.164223 -0.108285 0.26055199
1.170464 0.097277999 0.263055
1.170529 0.096701004 0.264029
1.169844 0.097889997 0.26296601
1.169982 0.097296 0.263237
1.169418 0.099096 0.263381
1.1694109 0.098494001 0.262833
1.162349 -0.108874 0.260344
1.1688271 0.099115998 0.26341
1.168094 0.099137001 0.26318401
1.161085 -0.108814 0.26049599
1.167742 0.10152 0.263293
1.1676691 0.100348 0.263955
1.16759 0.099748001 0.26334301
1.1670491 0.102133 0.26306099
1.16641 0.103346 0.26343101
1.166469 0.102742 0.26287901
1.16652 0.102151 0.26317999
1.159212 -0.108242 0.25992301
1.165929 0.103952 0.26333499
1.165334 0.104562 0.26323101
1.165359 0.103968 0.263201
1.1581351 -0.108783 0.26017401
1.164818 0.105175 0.263475
1.164271 0.105787 0.26367
1.156846 -0.109311 0.260454
1.163722 0.106396 0.26356101
1.156316 -0.109293 0.260479
1.163071 0.107008 0.26337799
1.162455 0.107022 0.262878
1.161849 0.107641 0.26342699
1.1619149 0.10704 0.26303399
1.1545219 -0.10925 0.260438
1.161273 0.107652 0.262813
1.153742 -0.108733 0.25970599
1.160661 0.107672 0.262849
1.153321 -0.1086 0.260479
1.160032 0.108285 0.262822
1.159529 0.10771 0.263044
1.151981 -0.108551 0.26054001
1.158995 0.108329 0.26383701
1.1514781 -0.109287 0.25966901
1.1583951 0.108343 0.26338801
1.1508549 -0.109748 0.26048699
1.150773 -0.110378 0.26034001
1.157712 0.107768 0.262896
1.150056 -0.11037 0.26025999
1.157222 0.108375 0.26290399
1.156487 0.108998 0.26333901
1.156671 0.1084 0.26353201
1.148988 -0.10973 0.260272
1.155933 0.108425 0.263482
1.1482249 -0.110334 0.26016
1.154822 0.109049 0.263212
1.15426 0.109074 0.26383901
1.146539 -0.110928 0.25997701
1.153515 0.109684 0.26306301
1.153541 0.109092 0.26324099
1.146023 -0.110962 0.25968501
1.152908 0.109707 0.26342401
1.145312 -0.112831 0.25931501
1.152485 0.10972 0.26347601
1.151839 0.109142 0.262849
1.151319 0.10976 0.26364601
1.143468 -0.114594 0.25941601
1.143239 -0.115808 0.259408
1.150629 0.110374 0.26348799
1.150713 0.109775 0.263302
1.1499749 0.110392 0.26318499
1.142163 -0.116457 0.259002
1.1420881 -0.116995 0.25942299
1.141454 -0.116962 0.25951499
1.1489429 0.111019 0.26343501
1.1483409 0.111037 0.26322299
1.1396101 -0.116995 0.25900099
1.147164 0.111666 0.26302499
1.139083 -0.116972 0.259058
1.139017 -0.117514 0.25945801
1.1389821 -0.118105 0.25956699
1.1389951 -0.118685 0.259758
1.146544 0.111687 0.26317301
1.138366 -0.118666 0.25976601
1.1459841 0.111709 0.263524
1.137737 -0.118022 0.259855
1.145468 0.112906 0.26308101
1.137203 -0.118166 0.25891101
1.136472 -0.118672 0.25940499
1.144261 0.112942 0.262678
1.1359 -0.118672 0.25931299
1.143609 0.112967 0.26314601
1.135272 -0.118063 0.259197
1.143061 0.114174 0.26361001
1.134745 -0.116931 0.25857201
1.134727 -0.117452 0.25911301
1.134661 -0.118094 0.25890699
1.142406 0.114784 0.263042
1.1423891 0.11419 0.26279399
1.134155 -0.116889 0.258728
1.1417871 0.114809 0.26368999
1.133526 -0.116267 0.258688
1.1412261 0.115415 0.26308501
1.13328 -0.110577 0.25985599
1.133146 -0.111213 0.259666
1.133054 -0.113114 0.25921601
1.133126 -0.113745 0.25910699
1.133055 -0.1144 0.258825
1.133013 -0.115617 0.258843
1.140747 0.116023 0.26316601
1.1328959 -0.099054001 0.25940201
1.132796 -0.100834 0.25968999
1.132838 -0.101529 0.25915101
1.132771 -0.102767 0.259018
1.132691 -0.108739 0.25980201
1.132674 -0.109415 0.25938699
1.1324821 -0.110059 0.25913501
1.132459 -0.111903 0.25905201
1.132539 -0.112516 0.259058
1.140188 0.116636 0.263583
1.1324199 -0.098995999 0.25970399
1.132257 -0.102052 0.259606
1.13221 -0.103349 0.25909701
1.132082 -0.104505 0.259471
1.1321191 -0.105155 0.25922501
1.132035 -0.105789 0.259056
1.1321549 -0.108196 0.259296
1.131744 -0.097781003 0.25955001
1.131835 -0.098373003 0.25968599
1.138974 0.117862 0.26385999
1.138883 0.11727 0.26335299
1.131198 -0.097788997 0.25940099
1.13846 0.11847 0.26394299
1.13067 -0.096469998 0.259969
1.130667 -0.097139999 0.25956401
1.13793 0.119667 0.263019
1.137815 0.11908 0.26320699
1.129974 -0.095893003 0.259619
1.129626 -0.093520999 0.25914001
1.129493 -0.094011001 0.25990099
1.129649 -0.094655998 0.25970101
1.13671 0.1203 0.263179
1.136713 0.119708 0.263208
1.129001 -0.091044001 0.25929299
1.129081 -0.091624998 0.259505
1.129023 -0.092225 0.25954601
1.1288821 -0.092813998 0.259646
1.136204 0.122686 0.26353499
1.13617 0.121503 0.263567
1.128474 -0.088497996 0.25995401
1.128511 -0.090342999 0.25983199
1.12853 -0.091012001 0.25943199
1.1356421 0.122703 0.26306999
1.127929 -0.087862998 0.26003399
1.127908 -0.089129001 0.25969499
1.127879 -0.089772999 0.25944701
1.1350991 0.125681 0.263235
1.135134 0.123902 0.26255301
1.127436 -0.087278999 0.259774
1.134691 0.129244 0.263439
1.13464 0.128654 0.263237
1.13446 0.12511 0.26335999
1.1345 0.124517 0.26355201
1.126803 -0.086609997 0.26006401
1.134033 0.131634 0.26291901
1.1341341 0.131037 0.26326001
1.13412 0.130447 0.26302999
1.134118 0.129853 0.26374599
1.133989 0.1269 0.263877
1.1339329 0.126311 0.26348701
1.126269 -0.083622999 0.25958499
1.126206 -0.085432 0.25968599
1.126318 -0.085998997 0.260001
1.133468 0.13402 0.26271001
1.133553 0.133422 0.26337099
1.133531 0.13282999 0.26368001
1.125849 -0.080435 0.26056099
1.125849 -0.081023 0.26069999
1.125686 -0.081701003 0.26016
1.125591 -0.083526 0.26012799
1.133199 0.13639 0.263134
1.133142 0.1358 0.26326099
1.133007 0.135217 0.26274201
1.1330121 0.13462301 0.263192
1.133032 0.13403299 0.26273599
1.125247 -0.077427 0.260221
1.125317 -0.078142002 0.259469
1.125355 -0.079876997 0.26011699
1.1251709 -0.082327999 0.25992399
1.132491 0.137008 0.26273
1.12467 -0.076866001 0.25976801
1.124644 -0.079314001 0.25964499
1.1319849 0.13938899 0.262788
1.1319751 0.138798 0.262871
1.131901 0.138207 0.26319501
1.124319 -0.076751001 0.26054299
1.131494 0.14058299 0.26326501
1.131413 0.13999499 0.26330101
1.1315089 0.139402 0.26304799
1.1233931 -0.076785997 0.26007301
1.130923 0.142377 0.263053
1.131003 0.14178 0.26327199
1.130955 0.141188 0.26360199
1.123078 -0.074890003 0.26056001
1.1230249 -0.076130003 0.26036599
1.130522 0.143566 0.26341799
1.130361 0.142977 0.26384601
1.129786 0.144189 0.26287901
1.129827 0.14359801 0.26274601
1.121889 -0.072480001 0.26017699
1.1219569 -0.073062003 0.26037899
1.121847 -0.074343003 0.25986499
1.129275 0.14478999 0.26336399
1.128873 0.14775801 0.26315001
1.1287659 0.146579 0.26329899
1.128826 0.14598 0.26374
1.12868 0.145402 0.263212
1.12059 -0.071856 0.26001701
1.120579 -0.072415002 0.26036799
1.128201 0.15132099 0.26335701
1.128148 0.149556 0.26305601
1.1282279 0.148371 0.26311299
1.120102 -0.071234003 0.26003
1.127696 0.153705 0.26299101
1.127671 0.15310401 0.26359001
1.127699 0.15251 0.26379001
1.12775 0.151916 0.26389599
1.127692 0.150745 0.26348799
1.127635 0.14898799 0.26270601
1.11957 -0.070623003 0.25995201
1.127223 0.15488701 0.26366401
1.127207 0.154309 0.263089
1.119019 -0.068709999 0.26051801
1.118826 -0.069370002 0.260066
1.1267231 0.157856 0.263524
1.1266969 0.156663 0.264193
1.126716 0.156074 0.26415601
1.126698 0.155485 0.26415101
1.118353 -0.068190999 0.259709
1.126148 0.158455 0.26395401
1.117793 -0.066972002 0.259626
1.117829 -0.067501001 0.26023
1.125716 0.16083001 0.263818
1.125743 0.16024201 0.26371601
1.125517 0.15967201 0.263221
1.125702 0.15906601 0.26362401
1.117187 -0.066274002 0.26018599
1.12507 0.16320699 0.263937
1.125041 0.16263001 0.263468
1.124949 0.16205101 0.26317701
1.125134 0.16143499 0.26400101
1.116631 -0.063860998 0.25995499
1.124701 0.166179 0.26338601
1.124699 0.165582 0.26368901
1.1247129 0.164986 0.26389599
1.124702 0.164398 0.26388699
1.124588 0.163828 0.26330701
1.116233 -0.061402999 0.26012099
1.116191 -0.062587 0.26033401
1.11621 -0.063251004 0.25989699
1.116263 -0.063862003 0.25988001
1.124155 0.167964 0.26344001
1.1240619 0.167374 0.263567
1.124032 0.16680001 0.26305699
1.1156681 -0.060833 0.25971201
1.123504 0.167983 0.263542
1.122986 0.170948 0.26345101
1.123054 0.17034499 0.263832
1.122985 0.169752 0.26404801
1.122936 0.16856401 0.26449299
1.114383 -0.060132999 0.26014301
1.1144201 -0.060771 0.25991401
1.122481 0.172729 0.26352301
1.1219079 0.174514 0.263538
1.121982 0.17390101 0.26422799
1.12192 0.173311 0.26432601
1.121918 0.17273 0.26410601
1.121932 0.17155901 0.26385799
1.113335 -0.0583 0.260028
1.121452 0.176875 0.263816
1.121523 0.17629001 0.26363099
1.121423 0.175716 0.26330101
1.121388 0.17513099 0.26322299
1.11291 -0.056389 0.260672
1.112905 -0.058242001 0.26040301
1.120963 0.17866001 0.263699
1.1209 0.178084 0.263414
1.1209871 0.177471 0.26402101
1.112258 -0.056371 0.26066601
1.120371 0.179847 0.263971
1.120333 0.179259 0.26401299
1.120414 0.178663 0.264144
1.111598 -0.055176001 0.26036701
1.1116951 -0.055783 0.26039299
1.119851 0.18162701 0.264018
1.119864 0.181052 0.263668
1.11985 0.180465 0.263634
1.111017 -0.053982001 0.26008999
1.111057 -0.054584 0.26013201
1.11923 0.18224201 0.263859
1.1192859 0.181646 0.264011
1.110602 -0.053321 0.26045001
1.118747 0.184026 0.26377201
1.118757 0.18343499 0.26384199
1.118825 0.18282899 0.264245
1.11818 0.187572 0.263807
1.118277 0.186984 0.263713
1.118137 0.18638401 0.26412299
1.118252 0.18580499 0.26380599
1.1182131 0.18520799 0.26407799
1.109259 -0.053332001 0.26003
1.117761 0.188164 0.26402399
1.117787 0.187576 0.263998
1.1086431 -0.050841998 0.26043099
1.108789 -0.051456999 0.260396
1.108711 -0.052067999 0.26032901
1.108554 -0.052692 0.26013401
1.117117 0.18937799 0.26364499
1.117238 0.18875299 0.264397
1.108252 -0.048475999 0.25987101
1.10817 -0.049036998 0.260225
1.108278 -0.050186999 0.260766
1.116658 0.192903 0.26399201
1.116748 0.192315 0.26392201
1.116773 0.191723 0.264016
1.116595 0.191146 0.26391599
1.116549 0.19058201 0.263423
1.116527 0.189996 0.263399
1.11617 0.194106 0.26372901
1.116316 0.19291499 0.26396501
1.107303 -0.044806998 0.25995299
1.106963 -0.046597 0.260075
1.115761 0.196464 0.263836
1.115629 0.195877 0.263944
1.115656 0.19527701 0.26418999
1.115635 0.1947 0.26399001
1.115039 0.196477 0.264101
1.114629 0.199421 0.26418
1.11456 0.19887 0.26350501
1.114514 0.198265 0.26390001
1.114532 0.197118 0.26332
1.1141109 0.20061401 0.26415801
1.114032 0.199448 0.264065
1.11362 0.20299099 0.263908
1.11364 0.202383 0.26429701
1.113503 0.20185 0.263349
1.11348 0.20122901 0.26402
1.112983 0.20418601 0.26392001
1.1129839 0.203611 0.26368099
1.113035 0.202976 0.26456299
1.103588 -0.040428001 0.26023301
1.112547 0.204743 0.26473799
1.112541 0.20415001 0.26486701
1.102971 -0.042815998 0.26035401
1.102955 -0.043407001 0.260472
1.102512 -0.042810999 0.26029101
1.111331 0.206552 0.264599
1.111179 0.205413 0.264063
1.1112649 0.20479 0.26469401
1.101975 -0.042826999 0.26002601
1.110866 0.207149 0.26468
1.110355 0.207773 0.26430601
1.100242 -0.037321001 0.26009801
1.108881 0.210188 0.26398399
1.109162 0.20958599 0.26407599
1.099753 -0.035484999 0.26017299
1.108655 0.21430101 0.263953
1.1085711 0.21312 0.26414901
1.108132 0.2149 0.26403901
1.107996 0.21253 0.26455799
1.1074899 0.214343 0.263926
1.097971 -0.034191001 0.260461
1.106986 0.21433599 0.26432401
1.106267 0.214384 0.26394901
1.096679 -0.034766998 0.260373
1.105758 0.214378 0.26433799
1.105081 0.214414 0.26412001
1.0956531 -0.034111999 0.26056501
1.1045721 0.21443801 0.264018
1.094931 -0.034079 0.26066399
1.1038851 0.213879 0.263953
1.09446 -0.033468999 0.26059899
1.103291 0.21446601 0.26429099
1.093729 -0.032837 0.260645
1.102662 0.214518 0.26378199
1.093042 -0.032265998 0.26013899
1.102142 0.213927 0.264155
1.092492 -0.032278001 0.25988501
1.101331 0.213981 0.26372701
1.091917 -0.032200001 0.26044601
1.1009769 0.213967 0.264157
1.091256 -0.031645 0.25980499
1.091315 -0.032203 0.26025501
1.100286 0.21458 0.26412001
1.0908689 -0.030387999 0.26015601
1.090744 -0.031026 0.25980401
1.099665 0.21462201 0.26378101
1.09018 -0.029131001 0.26041001
1.099121 0.21465801 0.26349199
1.089669 -0.029158 0.26001599
1.0978791 0.215266 0.263834
1.0885299 -0.027914001 0.26003301
1.097423 0.215855 0.26404601
1.087881 -0.026671 0.26017401
1.087944 -0.027280999 0.26014599
1.087423 -0.02603 0.26040801
1.09626 0.21593501 0.26339099
1.086835 -0.026009999 0.260427
1.0956759 0.21712799 0.26339701
1.08614 -0.026055999 0.25978801
1.095047 0.21768799 0.26416299
1.095053 0.21713901 0.26356301
1.0855041 -0.024853 0.25954801
1.085559 -0.025433 0.25980201
1.094557 0.217712 0.264052
1.084833 -0.024823001 0.25964099
1.09402 0.218317 0.26404899
1.0940911 0.217705 0.264415
1.084332 -0.024157001 0.260102
1.093353 0.21953601 0.26367301
1.093315 0.21897601 0.26327699
1.093421 0.218337 0.264063
1.083812 -0.024149001 0.260028
1.083246 -0.022349 0.25974101
1.0833009 -0.022927999 0.26001301
1.0922281 0.220153 0.263796
1.082741 -0.021119 0.259819
1.082602 -0.021706 0.25993401
1.091615 0.220746 0.26401499
1.0821199 -0.019881999 0.259913
1.082015 -0.02045 0.26023301
1.091031 0.221967 0.26357099
1.091047 0.221396 0.263327
1.090553 0.222565 0.26362601
1.090076 0.222552 0.26408899
1.089377 0.22316299 0.26407
1.079775 -0.015591 0.25985399
1.0797859 -0.018588001 0.26008499
1.088765 0.223178 0.26417401
1.0791399 -0.016772 0.259929
1.07933 -0.017351 0.26024601
1.088182 0.22377799 0.26425499
1.088082 0.223254 0.263374
1.0788161 -0.014364 0.25977999
1.087672 0.22379801 0.26422301
1.078056 -0.014317 0.26001599
1.087034 0.224401 0.26429901
1.0870939 0.223803 0.26444799
1.086392 0.225023 0.264083
1.086508 0.22441401 0.26437801
1.076878 -0.013695 0.259841
1.085781 0.225058 0.26388001
1.085218 0.22507399 0.263933
1.084151 0.19814999 0.263482
1.0758981 -0.013016 0.26033601
1.083841 0.199903 0.263881
1.0836689 0.198751 0.263533
1.0837229 0.19755 0.264047
1.083643 0.196997 0.263358
1.083565 0.196409 0.26343501
1.075259 -0.010551 0.260672
1.075248 -0.011213 0.26004601
1.075279 -0.011807 0.26016101
1.07523 -0.012396 0.26029
1.084031 0.225739 0.26335901
1.084071 0.225107 0.26403999
1.083189 0.200515 0.263845
1.082912 0.195838 0.263558
1.0829051 0.195259 0.26336101
1.0828969 0.194677 0.26325101
1.074597 -0.0099980002 0.25992399
1.082705 0.202876 0.26392999
1.082623 0.20173299 0.26337799
1.082346 0.194106 0.26326799
1.082261 0.193552 0.26258701
1.082103 0.19233599 0.263598
1.0741121 -0.0093459999 0.26029301
1.082901 0.226377 0.263174
1.081645 0.19177 0.26345101
1.07357 -0.0081810001 0.25967801
1.073548 -0.0087200003 0.26035601
1.082195 0.226934 0.263962
1.081422 0.204134 0.26319
1.081404 0.203521 0.26368099
1.081031 0.19122501 0.26293299
1.080896 0.190635 0.263098
1.081606 0.22642 0.263203
1.0808229 0.205897 0.263542
1.080405 0.190639 0.263381
1.0803061 0.19006801 0.26304799
1.072373 -0.007487 0.26027399
1.081247 0.226961 0.26405001
1.0803469 0.20592099 0.26339999
1.079669 0.189513 0.26277301
1.071908 -0.0062680002 0.26026699
1.071751 -0.0069010002 0.25988099
1.080588 0.22645099 0.26327199
1.079815 0.205919 0.26378301
1.079075 0.189522 0.26305401
1.071368 -0.0056130001 0.260663
1.079125 0.20655499 0.26332599
1.078326 0.18898501 0.26243401
1.070703 -0.003852 0.25990799
1.070681 -0.0044499999 0.25995201
1.0705791 -0.0050329999 0.26013801
1.07932 0.226486 0.26339799
1.078655 0.206571 0.26331899
1.0778691 0.188979 0.262934
1.070136 -0.0031950001 0.26031601
1.078884 0.227061 0.26378199
1.0780669 0.207184 0.26322699
1.07718 0.189013 0.26268899
1.069598 -0.003178 0.260331
1.078125 0.227088 0.26378599
1.077427 0.207173 0.263823
1.0765539 0.187828 0.26340199
1.06888 -0.0026179999 0.25960699
1.068849 -0.003183 0.260021
1.0775599 0.227713 0.26348999
1.076085 0.187852 0.26318899
1.068451 0.00042500001 0.25978199
1.0684381 -0.000117 0.260474
1.068275 -0.001938 0.26026899
1.077072 0.227146 0.26346901
1.076301 0.208368 0.26415199
1.075392 0.18790001 0.262613
1.0678101 0.002293 0.26025099
1.067987 0.001716 0.26062199
1.0678231 0.00046499999 0.260021
1.076303 0.22718 0.26335999
1.07574 0.20898101 0.26403201
1.0749429 0.187916 0.26258999
1.067362 0.0023139999 0.260351
1.075943 0.22712199 0.26439101
1.07425 0.18734001 0.26285401
1.066785 0.0041410001 0.26037601
1.066883 0.003582 0.26092601
1.066812 0.0023399999 0.260461
1.0752831 0.2272 0.26358101
1.074416 0.20848 0.26330501
1.073719 0.18734901 0.26308
1.066219 0.0041660001 0.26046699
1.0747451 0.227175 0.26422599
1.073824 0.208517 0.262999
1.072988 0.187985 0.262532
1.0655839 0.0041919998 0.260546
1.074078 0.228414 0.263574
1.064924 0.0053889998 0.26021501
1.073531 0.228411 0.26390201
1.072739 0.208518 0.26366299
1.071824 0.187409 0.26319399
1.072876 0.228444 0.263753
1.071236 0.18803 0.26289701
1.0637259 0.0060160002 0.26007301
1.072328 0.227874 0.263805
1.071575 0.20913599 0.26382199
1.071649 0.22792 0.26347199
1.070981 0.208574 0.26373899
1.062596 0.006641 0.25993899
1.071193 0.227936 0.26347601
1.0694931 0.188685 0.26273099
1.062066 0.0078290002 0.25954899
1.069732 0.20862 0.26368299
1.061452 0.0090570003 0.25960299
1.061586 0.0084429998 0.25951201
1.061497 0.0078750001 0.25989801
1.069878 0.22798701 0.263401
1.069116 0.20805401 0.26369801
1.0683841 0.189311 0.26274899
1.060925 0.0097200004 0.26015601
1.060971 0.009083 0.25975001
1.069416 0.22735301 0.264339
1.0685591 0.208057 0.26399499
1.06778 0.189319 0.26304701
1.060546 0.010914 0.25989601
1.06871 0.226835 0.26370499
1.068046 0.207487 0.26399601
1.067156 0.189943 0.262705
1.059849 0.012724 0.25966799
1.059994 0.01218 0.260463
1.06718 0.207555 0.263293
1.066554 0.19054399 0.26291499
1.066635 0.189974 0.2624
1.059288 0.013405 0.26046199
1.067499 0.22746301 0.26371199
1.066736 0.206946 0.26399201
1.06656 0.206405 0.263228
1.066956 0.22747 0.263879
1.066919 0.22689 0.26382199
1.066887 0.226307 0.26379001
1.066134 0.20581 0.26365
1.065343 0.19117799 0.26280901
1.058239 0.015838999 0.26039699
1.0581599 0.014602 0.259938
1.066213 0.226362 0.263327
1.064868 0.191778 0.262918
1.05761 0.017028 0.25996599
1.065689 0.22639 0.263181
1.0643049 0.19297899 0.26282099
1.064162 0.19240899 0.26249799
1.057079 0.017666999 0.26024699
1.065068 0.226392 0.26346999
1.064133 0.20356999 0.262869
1.063598 0.19476201 0.26296601
1.063625 0.19419301 0.262519
1.063617 0.193599 0.26264101
1.056499 0.018863 0.259913
1.064431 0.226445 0.263008
1.063562 0.20238499 0.263432
1.063394 0.201838 0.26273701
1.063449 0.200075 0.262678
1.0632401 0.19832399 0.26255301
1.063152 0.19537701 0.262714
1.062812 0.197714 0.263309
1.06264 0.19598 0.26278001
1.0552551 0.019494999 0.25980201
1.06328 0.22645301 0.26349601
1.0548019 0.021896999 0.25956899
1.05485 0.021331999 0.26008201
1.062672 0.226485 0.26333001
1.054177 0.022559 0.26014
1.05424 0.021950999 0.26006901
1.0535541 0.023205001 0.26048601
1.061576 0.22590201 0.26385701
1.061546 0.225311 0.26395199
1.053279 0.02623 0.26066601
1.05322 0.025602 0.26025099
1.053208 0.024985 0.26002499
1.053113 0.023209 0.26036099
1.060827 0.225381 0.263266
1.052533 0.02679 0.259734
1.060377 0.224758 0.26405501
1.059799 0.224783 0.263991
1.051437 0.027481999 0.26057601
1.051373 0.026856 0.260178
1.059028 0.224833 0.26363099
1.050812 0.028062001 0.259994
1.0503989 0.031119 0.260591
1.0503531 0.029874001 0.259911
1.050285 0.029309001 0.26042101
1.057789 0.224308 0.263367
1.049713 0.032336 0.26051199
1.0498199 0.031753998 0.26084799
1.049813 0.030544 0.26069999
1.057165 0.22375 0.263255
1.049238 0.032954998 0.26056701
1.049284 0.03235 0.260519
1.056583 0.223221 0.26267999
1.048593 0.034745 0.26007801
1.048641 0.033580001 0.26065999
1.055976 0.222645 0.262844
1.048178 0.034779999 0.260427
1.055369 0.222049 0.26332301
1.047574 0.036603998 0.26049501
1.047673 0.035987001 0.26028401
1.054786 0.222066 0.26337501
1.046982 0.039023999 0.260524
1.047044 0.038400002 0.26016301
1.04711 0.037211001 0.260391
1.054135 0.221535 0.262862
1.054096 0.22034501 0.26313499
1.046433 0.037825 0.26026899
1.045984 0.040821999 0.25997701
1.04598 0.039652001 0.26046801
1.052936 0.220359 0.26355499
1.0529439 0.21976399 0.263684
1.052917 0.219246 0.26259199
1.0454201 0.042066999 0.260436
1.045343 0.041451 0.26010999
1.045397 0.040849999 0.26014099
1.044883 0.045056 0.25995901
1.0448591 0.044512 0.26091501
1.044845 0.043292999 0.260564
1.044886 0.04267 0.260205
1.051614 0.21925899 0.26312199
1.044389 0.045068 0.259911
1.0437469 0.046289001 0.259913
1.05031 0.21874601 0.262649
1.050276 0.218161 0.262631
1.043211 0.04752 0.26018101
1.0431941 0.04634 0.26052299
1.049638 0.217016 0.26251799
1.04992 0.216379 0.26318699
1.04275 0.051114 0.25984901
1.042675 0.050505999 0.259655
1.0426821 0.048728999 0.260059
1.0427279 0.048149001 0.260443
1.04269 0.047543 0.26031199
1.04916 0.21527199 0.262494
1.042156 0.051766999 0.26052201
1.0420851 0.049922999 0.259617
1.042135 0.049353 0.26019299
1.0487781 0.21523701 0.26330501
1.048535 0.214682 0.26291099
1.048424 0.213533 0.26253301
1.048543 0.21232399 0.26305899
1.048336 0.211771 0.26256901
1.041774 0.053587999 0.26075199
1.04166 0.052960001 0.260113
1.0416 0.052370001 0.26025599
1.047894 0.21174701 0.263266
1.041135 0.054200001 0.260602
1.047191 0.211807 0.26264799
1.0472291 0.21060701 0.26306701
1.040622 0.054811999 0.26055101
1.0406719 0.054211002 0.260537
1.0465831 0.211832 0.262575
1.046719 0.211239 0.26257601
1.046586 0.210033 0.263221
1.040042 0.058421001 0.26048699
1.0399539 0.057845 0.26090199
1.040095 0.057227999 0.260618
1.040078 0.056648999 0.26100799
1.0401061 0.056035999 0.26074201
1.045886 0.208913 0.262658
1.039567 0.060837001 0.260616
1.039621 0.060258999 0.261078
1.039589 0.059059002 0.261013
1.045284 0.20774101 0.26297
1.0400749 0.085947998 0.26131001
1.040046 0.085354 0.26137999
1.04002 0.084748 0.261042
1.0395221 0.071034998 0.26127499
1.03943 0.070455 0.26164499
1.039441 0.069825999 0.26085499
1.038927 0.061446998 0.26040801
1.0389709 0.060862999 0.26076701
1.044518 0.207782 0.262701
1.039649 0.090736002 0.261417
1.03962 0.090121999 0.26070201
1.039534 0.088931002 0.26068801
1.039587 0.087142996 0.260856
1.0393929 0.084154002 0.26047301
1.0392981 0.083571002 0.260822
1.0389889 0.076399997 0.260443
1.038805 0.069256999 0.26108599
1.038875 0.068641998 0.26073
1.03879 0.068037003 0.26048499
1.038609 0.065650001 0.26048699
1.03855 0.063862003 0.26061499
1.038312 0.063247003 0.26007399
1.0384279 0.062057 0.260331
1.038407 0.061455 0.26023501
1.039367 0.099076003 0.26080599
1.038873 0.088358998 0.26082999
1.038828 0.082988001 0.26080799
1.038545 0.081786998 0.26031801
1.038605 0.079998001 0.260463
1.038586 0.079398997 0.26038599
1.038458 0.077606998 0.260308
1.038524 0.077016003 0.260548
1.038344 0.075833999 0.26075399
1.03839 0.074646004 0.26099801
1.038285 0.073445998 0.26077601
1.038237 0.072857998 0.26097199
1.038291 0.072273001 0.26137099
1.0380861 0.067459002 0.26044101
1.038075 0.066867001 0.260566
1.038029 0.066257 0.26027101
1.038072 0.064476997 0.260649
1.043515 0.206623 0.26303601
1.043322 0.205483 0.262485
1.0388891 0.099698998 0.26138499
1.038763 0.098508 0.26118499
1.038836 0.097321004 0.261545
1.038649 0.095541 0.261574
1.038682 0.094930001 0.26100501
1.038525 0.092540003 0.260598
1.0384721 0.091367997 0.26133299
1.038013 0.080622002 0.26069599
1.03803 0.078832999 0.26081699
1.037739 0.075250998 0.26063401
1.042858 0.20488299 0.263028
1.042592 0.204339 0.26234099
1.038718 0.109823 0.261181
1.038552 0.108048 0.26154801
1.038447 0.105074 0.261408
1.038455 0.104482 0.26165801
1.03834 0.103277 0.260607
1.038334 0.102083 0.26047
1.038298 0.1015 0.26110899
1.03826 0.1009 0.26079199
1.03819 0.097929001 0.26113799
1.038218 0.096144997 0.26133201
1.037937 0.093765996 0.26115799
1.037892 0.093171999 0.26118699
1.0421261 0.204322 0.26299199
1.042102 0.20376 0.262483
1.0419641 0.203178 0.26246101
1.038268 0.11876 0.26128799
1.038411 0.11816 0.26105401
1.038367 0.117569 0.26133001
1.038023 0.108663 0.26175201
1.037937 0.107472 0.26144499
1.038106 0.106277 0.26154301
1.037959 0.105676 0.26085401
1.0379 0.103898 0.261278
1.037706 0.10271 0.26106599
1.037555 0.102114 0.26076999
1.041397 0.20320401 0.26234201
1.041358 0.20261499 0.26237601
1.037921 0.121745 0.2615
1.037659 0.116996 0.26117501
1.037855 0.116392 0.260901
1.037388 0.106893 0.26134801
1.040962 0.202604 0.26286301
1.037007 0.115828 0.261136
1.036978 0.112254 0.260667
1.040388 0.202636 0.26261199
1.040213 0.20204499 0.26279199
1.040108 0.20147599 0.262472
1.036854 0.124157 0.261711
1.036953 0.122965 0.26158601
1.036801 0.122375 0.261388
1.036419 0.113465 0.26091301
1.036502 0.11287 0.26113099
1.0363359 0.112279 0.26098701
1.039572 0.201481 0.26273799
1.036322 0.12536199 0.26149499
1.036437 0.124764 0.26166901
1.035992 0.115265 0.261011
1.03583 0.114675 0.26093099
1.0358599 0.114079 0.26092499
1.03901 0.201493 0.262894
1.036099 0.13605399 0.26146099
1.036209 0.135456 0.26177901
1.035678 0.12716401 0.26092401
1.035645 0.13666099 0.261758
1.035525 0.134886 0.26172599
1.035534 0.13429099 0.26198199
1.035511 0.133701 0.26130399
1.035555 0.133104 0.26188201
1.035444 0.132516 0.261298
1.035321 0.131927 0.26110399
1.035159 0.128369 0.26107201
1.035126 0.127776 0.26106301
1.037918 0.20092601 0.26323101
1.037823 0.20033699 0.26332101
1.037776 0.199765 0.26300699
1.035157 0.137862 0.261953
1.03468 0.13076 0.261455
1.037237 0.199779 0.26309901
1.034601 0.14025 0.26228899
1.034667 0.13965701 0.261922
1.034609 0.139065 0.26209399
1.0342031 0.13136899 0.26157901
1.034001 0.12900101 0.26169899
1.0365061 0.19981501 0.26288599
1.0340559 0.140274 0.261482
1.0335701 0.129609 0.26152399
1.033641 0.129013 0.26150301
1.035969 0.198081 0.26260501
1.033421 0.140885 0.261803
1.032902 0.140901 0.26199201
1.032256 0.141514 0.26210999
1.032304 0.140921 0.26201999
1.033875 0.19402499 0.26273501
1.033945 0.193425 0.26292801
1.0339611 0.19284201 0.262784
1.033793 0.19168 0.262555
1.0316679 0.145098 0.26133099
1.031804 0.144501 0.26129401
1.031628 0.14273 0.26107901
1.0316 0.14154001 0.26162601
1.033291 0.19109599 0.26283199
1.031251 0.146295 0.26151901
1.0312819 0.14570101 0.26155201
1.030935 0.14393499 0.26148701
1.031027 0.143334 0.26203999
1.031153 0.14214601 0.261868
1.033002 0.19817901 0.26269099
1.03274 0.190539 0.26251999
1.030881 0.15164199 0.26139799
1.030563 0.150473 0.260986
1.030676 0.148693 0.26089099
1.030645 0.148093 0.26154199
1.030691 0.14691 0.26123801
1.032122 0.198241 0.26200801
1.031951 0.189366 0.26303601
1.030246 0.152256 0.261361
1.030099 0.15048499 0.261217
1.0317971 0.197634 0.26264101
1.031675 0.197074 0.26210901
1.031574 0.19648699 0.26213601
1.029853 0.158186 0.26156101
1.029753 0.154631 0.26192901
1.029752 0.152863 0.26148301
1.031039 0.196484 0.26260999
1.03064 0.188842 0.26254401
1.029544 0.161743 0.26174301
1.029423 0.161155 0.26173401
1.029418 0.159384 0.26156601
1.02931 0.158797 0.26150799
1.029249 0.15761399 0.26156801
1.029194 0.157032 0.26115599
1.0292031 0.156434 0.26148099
1.0292799 0.155836 0.26163
1.0292619 0.155239 0.26196501
1.0290509 0.154658 0.26175699
1.030081 0.188862 0.26252401
1.0297149 0.181811 0.26218501
1.028941 0.16411901 0.26214901
1.0289871 0.163525 0.26222301
1.0289871 0.16234 0.26231799
1.029441 0.188897 0.26219001
1.0291981 0.185386 0.26169601
1.0290999 0.18124799 0.261994
1.029128 0.180631 0.262741
1.029061 0.180079 0.26172701
1.028718 0.170037 0.262171
1.0286371 0.169442 0.262391
1.028609 0.168265 0.262256
1.028452 0.167109 0.261466
1.0284719 0.166509 0.26176801
1.028515 0.165921 0.261612
1.028455 0.165323 0.26193699
1.028428 0.164728 0.26213601
1.028489 0.164143 0.26181599
1.028967 0.187153 0.26197499
1.028782 0.185987 0.26179299
1.028689 0.184799 0.262088
1.028496 0.184242 0.26136601
1.028425 0.183641 0.26172799
1.02847 0.179489 0.262301
1.028443 0.178895 0.26243901
1.028443 0.17832699 0.26178101
1.028356 0.177709 0.262696
1.0283231 0.17714299 0.26197201
1.0284621 0.17652699 0.26263201
1.0283819 0.175944 0.26250201
1.028252 0.174784 0.26197901
1.028291 0.17358699 0.26245099
1.028077 0.172434 0.26173899
1.028265 0.17182 0.262321
1.02811 0.17124499 0.26196599
1.028199 0.170645 0.26216099
1.0279239 0.179525 0.26178101
1.027617 0.17303 0.26209301
