# .PCD v0.7 - Point Cloud Data file format
VERSION 0.7
FIELDS x y z
SIZE 4 4 4
TYPE F F F
COUNT 1 1 1
WIDTH 1894
HEIGHT 1
VIEWPOINT 0 0 0 1 0 0 0
POINTS 1894
DATA ascii
1.459776 -0.114936 0.278631
1.45968 -0.115524 0.278662
1.458967 -0.116684 0.278752
1.459165 -0.117356 0.27836001
1.458977 -0.117853 0.27893999
1.4590091 -0.119092 0.27868599
1.458982 -0.119692 0.278671
1.459227 -0.120988 0.27814901
1.459071 -0.121494 0.27867901
1.459231 -0.122803 0.278047
1.459067 -0.123355 0.27828699
1.45899 -0.125138 0.27835301
1.4590501 -0.132433 0.27780199
1.458786 -0.142056 0.27765301
1.458586 -0.107094 0.27880901
1.458571 -0.10826 0.27900699
1.458581 -0.10884 0.27913201
1.4585201 -0.109453 0.27901199
1.458532 -0.120368 0.278133
1.458508 -0.122245 0.27763399
1.458727 -0.123491 0.27742901
1.458546 -0.123997 0.277942
1.458598 -0.12521499 0.27785301
1.458478 -0.126984 0.27799699
1.4585021 -0.12997 0.278092
1.458467 -0.130603 0.27788001
1.45849 -0.131311 0.27723899
1.458264 -0.131732 0.27824199
1.458461 -0.13301399 0.27781999
1.45837 -0.133597 0.27789301
1.4585 -0.13794699 0.27708599
1.458486 -0.139231 0.27660301
1.458434 -0.140329 0.27719399
1.458409 -0.140962 0.27700499
1.458308 -0.14147601 0.27747199
1.458138 -0.141976 0.278
1.457947 -0.105814 0.27924001
1.4581831 -0.106591 0.27813599
1.457733 -0.110525 0.27964801
1.457969 -0.111266 0.27879599
1.4579509 -0.111853 0.278864
1.4581029 -0.113715 0.27849501
1.458003 -0.114343 0.278267
1.45804 -0.12587801 0.27737099
1.45786 -0.126378 0.27792099
1.457881 -0.127551 0.27809501
1.457875 -0.12820099 0.277785
1.457904 -0.128784 0.27790299
1.457862 -0.129337 0.27817601
1.4580261 -0.13012201 0.27711099
1.457855 -0.13423701 0.27758899
1.457903 -0.13550299 0.27722201
1.457747 -0.13723899 0.27755901
1.457675 -0.142125 0.277089
1.457575 -0.098647997 0.27917701
1.457594 -0.099344999 0.27849501
1.45757 -0.099978 0.27823901
1.457435 -0.100419 0.279266
1.457389 -0.101006 0.279318
1.457497 -0.101682 0.278822
1.457426 -0.103435 0.27907601
1.45748 -0.105347 0.27829599
1.457359 -0.11251 0.27837801
1.457214 -0.134799 0.27770299
1.45728 -0.13608301 0.27723801
1.457211 -0.142795 0.27664801
1.457235 -0.143361 0.27685699
1.457302 -0.14400201 0.276658
1.4571511 -0.14449701 0.27721599
1.4570251 -0.096173003 0.279679
1.456973 -0.097480997 0.27885801
1.457039 -0.098090999 0.27880001
1.456907 -0.102199 0.27926499
1.4568909 -0.102793 0.279286
1.456954 -0.10413 0.27834699
1.456763 -0.104655 0.27876699
1.456578 -0.144502 0.27709901
1.4562711 -0.090788998 0.27957299
1.456378 -0.091357 0.27983299
1.456407 -0.094366997 0.27965999
1.456287 -0.094950996 0.279699
1.45622 -0.095521003 0.27985701
1.456313 -0.096276 0.27878299
1.455941 -0.14511301 0.27693701
1.456008 -0.145696 0.27706799
1.455809 -0.146264 0.277192
1.455924 -0.146933 0.276853
1.4559571 -0.14748999 0.27711499
1.455837 -0.089579001 0.27964199
1.4558671 -0.090172999 0.27967501
1.455707 -0.093788996 0.27935699
1.455312 -0.14804199 0.277291
1.455363 -0.148674 0.27713999
1.455206 -0.089501001 0.28007099
1.455462 -0.093243003 0.27902299
1.454776 -0.14862201 0.27734199
1.454568 -0.149286 0.27691999
1.454615 -0.088310003 0.279935
1.4541481 -0.149251 0.27708599
1.454066 -0.087711997 0.27983999
1.453596 -0.149281 0.276838
1.453586 -0.149928 0.27658501
1.453474 -0.086561002 0.279405
1.453514 -0.087108001 0.27978799
1.452883 -0.085883997 0.279879
1.4529001 -0.086462997 0.280018
1.452435 -0.14998899 0.27607301
1.452401 -0.150488 0.276638
1.452369 -0.151013 0.27706099
1.452305 -0.085270002 0.27989101
1.451859 -0.151104 0.27648801
1.451571 -0.15160701 0.276948
1.451722 -0.084053002 0.279953
1.45123 -0.15164 0.27675799
1.450627 -0.152181 0.27700701
1.4505351 -0.082810998 0.28006801
1.4500639 -0.15219399 0.27685401
1.449904 -0.082254998 0.27962101
1.449963 -0.082785003 0.28014699
1.449327 -0.15275399 0.27694899
1.449465 -0.082232997 0.27972999
1.4488209 -0.081601001 0.27984399
1.44805 -0.152632 0.27741399
1.448187 -0.081517003 0.28033701
1.447634 -0.15327699 0.27714899
1.4476351 -0.080406003 0.279607
1.447566 -0.081012003 0.279506
1.447024 -0.153349 0.27665201
1.447125 -0.080371998 0.279778
1.446524 -0.15347899 0.275879
1.4464279 -0.079746999 0.27981699
1.446489 -0.080348 0.279809
1.445998 -0.127231 0.278018
1.4462121 -0.12856901 0.27726099
1.445962 -0.153458 0.275915
1.445837 -0.153935 0.276566
1.446031 -0.07976 0.27968299
1.445482 -0.12546299 0.27774701
1.445522 -0.126674 0.27769601
1.445514 -0.129152 0.27722499
1.445477 -0.129711 0.277464
1.445488 -0.13030601 0.27750099
1.445477 -0.13091099 0.277473
1.445147 -0.15389 0.276696
1.445389 -0.079124004 0.279836
1.44486 -0.121821 0.277897
1.444972 -0.122503 0.27742201
1.444926 -0.122994 0.27808601
1.445021 -0.123735 0.27724299
1.445084 -0.124339 0.27724499
1.444616 -0.153825 0.27698001
1.444639 -0.079017997 0.28044
1.4443589 -0.121753 0.278247
1.4444031 -0.131539 0.27715299
1.444134 -0.154521 0.276418
1.444195 -0.077942997 0.279479
1.444237 -0.078558996 0.27934501
1.443898 -0.121272 0.27745101
1.443545 -0.132093 0.27723899
1.4433891 -0.154479 0.27651
1.443503 -0.077844001 0.28006601
1.443166 -0.120604 0.27771801
1.4432009 -0.121183 0.277863
1.443257 -0.13280199 0.276604
1.443018 -0.133183 0.27782801
1.442819 -0.154522 0.27619201
1.44309 -0.077964 0.27908799
1.442607 -0.133866 0.277307
1.442395 -0.134344 0.277962
1.442295 -0.15510499 0.276236
1.442475 -0.076733001 0.27925
1.441999 -0.119993 0.27758801
1.441592 -0.155709 0.27610499
1.441825 -0.076641001 0.279809
1.441504 -0.119405 0.27744401
1.441298 -0.135019 0.277358
1.441251 -0.13561 0.27740201
1.4410599 -0.154992 0.27666
1.4413919 -0.076084003 0.27944601
1.44093 -0.118757 0.27765399
1.440691 -0.13570701 0.27674299
1.440613 -0.076010004 0.2798
1.440318 -0.118101 0.27789801
1.4403 -0.075484 0.279257
1.439669 -0.118124 0.27762499
1.439453 -0.136255 0.276847
1.439441 -0.074762002 0.279984
1.439496 -0.075314 0.280348
1.439119 -0.117455 0.27797699
1.438722 -0.153133 0.27659199
1.438959 -0.074744999 0.28003001
1.438555 -0.11747 0.277787
1.438249 -0.074703 0.28017199
1.437989 -0.117461 0.27774501
1.437735 -0.136758 0.277156
1.437762 -0.073550001 0.27979001
1.437686 -0.074139997 0.27979699
1.437269 -0.117434 0.27776399
1.4371541 -0.136741 0.27716401
1.437191 -0.073568001 0.27951801
1.4365 -0.072894998 0.27995199
1.436589 -0.073510997 0.279827
1.436233 -0.116791 0.27788299
1.435962 -0.137365 0.276833
1.43573 -0.153102 0.27630699
1.435697 -0.116862 0.277349
1.435212 -0.137254 0.27733499
1.435432 -0.072315998 0.279603
1.43498 -0.116742 0.27795699
1.4347349 -0.13732 0.27689201
1.434769 -0.072313003 0.27945599
1.4345371 -0.116814 0.27744901
1.4341691 -0.13732 0.276804
1.433881 -0.156744 0.27588999
1.434189 -0.072209999 0.28014299
1.4338059 -0.116758 0.27764601
1.433615 -0.137325 0.276696
1.433301 -0.157362 0.27573001
1.433646 -0.071586996 0.28025299
1.433134 -0.117339 0.27763399
1.432973 -0.137242 0.277064
1.4327689 -0.15790001 0.276016
1.432897 -0.15855201 0.27579501
1.43313 -0.071007997 0.28002301
1.4327461 -0.117343 0.27757999
1.432353 -0.137252 0.27690399
1.432083 -0.158381 0.27655599
1.432269 -0.070913002 0.28051701
1.432045 -0.117254 0.27799901
1.431872 -0.137354 0.27624899
1.431589 -0.159082 0.275978
1.4316339 -0.159687 0.27598301
1.431765 -0.070887998 0.28062001
1.431535 -0.117328 0.27745199
1.4312871 -0.13724101 0.276815
1.4310679 -0.160271 0.27601001
1.431251 -0.069735996 0.28020799
1.431307 -0.070353001 0.28005999
1.430774 -0.117896 0.277482
1.430635 -0.136655 0.27660599
1.430294 -0.16086 0.27594501
1.430704 -0.069187999 0.27971199
1.430238 -0.117882 0.277486
1.42993 -0.13656101 0.27702501
1.429809 -0.162128 0.27556899
1.430057 -0.069149002 0.279863
1.429587 -0.118458 0.27751201
1.429422 -0.13541199 0.27663901
1.429247 -0.162661 0.27587
1.429184 -0.163229 0.27604201
1.429582 -0.068522997 0.28002501
1.429556 -0.069121003 0.279991
1.429159 -0.118458 0.27746701
1.428923 -0.119004 0.27772501
1.428489 -0.163799 0.276104
1.428606 -0.16452 0.27552199
1.428848 -0.068456002 0.280361
1.4281861 -0.13529401 0.27712601
1.427972 -0.16448601 0.27560499
1.427837 -0.164968 0.27620301
1.4284281 -0.067919999 0.27982199
1.4278311 -0.119575 0.277731
1.4277509 -0.134672 0.27720499
1.427199 -0.165557 0.276187
1.427797 -0.068461001 0.280108
1.427228 -0.120123 0.27794701
1.427214 -0.134057 0.27720901
1.4271539 -0.067783996 0.28061101
1.426735 -0.120833 0.27719101
1.426384 -0.132827 0.27718899
1.4261349 -0.166172 0.27599701
1.426676 -0.067234002 0.280157
1.426037 -0.12141 0.27719399
1.425939 -0.13170201 0.27667901
1.425867 -0.132266 0.276878
1.4259 -0.13273799 0.27766201
1.425542 -0.16618299 0.27585399
1.426072 -0.067240998 0.27995399
1.425491 -0.121932 0.27759501
1.425404 -0.122488 0.27784199
1.4253809 -0.130428 0.277024
1.425303 -0.131558 0.27742901
1.4249901 -0.165066 0.27530399
1.425139 -0.165655 0.27542701
1.4254301 -0.067204997 0.280081
1.4247431 -0.123024 0.27810699
1.424912 -0.123698 0.277715
1.424853 -0.124299 0.27768499
1.4246629 -0.124851 0.27792001
1.4248461 -0.126204 0.27704901
1.4249409 -0.126761 0.27735201
1.424832 -0.12800799 0.27703401
1.4248101 -0.129132 0.277502
1.424775 -0.12971801 0.277578
1.424196 -0.16491599 0.27594799
1.424753 -0.066519 0.28064001
1.424814 -0.067183003 0.28011
1.424287 -0.066003002 0.27992001
1.423695 -0.124403 0.276853
1.423393 -0.164939 0.27577499
1.4237781 -0.065426998 0.27965599
1.4230959 -0.065309003 0.280442
1.421375 -0.16369399 0.27564001
1.421896 -0.064691998 0.28033701
1.42089 -0.163656 0.27578899
1.421279 -0.064064004 0.28044999
1.421277 -0.064634003 0.280653
1.4206541 -0.064603999 0.280745
1.419518 -0.16367 0.27548701
1.420175 -0.064085998 0.280029
1.418968 -0.16358399 0.27587
1.419542 -0.063460998 0.28011
1.41953 -0.064018004 0.28042099
1.418388 -0.16359 0.275754
1.4190921 -0.062908001 0.27968699
1.417917 -0.163049 0.27537099
1.418413 -0.062827997 0.28016701
1.417327 -0.16294201 0.275857
1.417824 -0.062187999 0.28040099
1.4178129 -0.062788002 0.280352
1.416734 -0.16292299 0.27587
1.417302 -0.062201999 0.28017601
1.416123 -0.162351 0.27560899
1.416585 -0.06154 0.280532
1.4166451 -0.062215 0.27989301
1.416036 -0.060982998 0.28009099
1.41493 -0.161116 0.275576
1.414878 -0.161634 0.27601701
1.4154871 -0.060997002 0.279847
1.414346 -0.160467 0.27573401
1.414917 -0.060901001 0.280518
1.413739 -0.160456 0.275704
1.414235 -0.060883999 0.280478
1.413116 -0.160446 0.275662
1.4131531 -0.161011 0.27588001
1.413656 -0.060798999 0.28105199
1.412565 -0.16039 0.27588299
1.4132 -0.059723001 0.28001699
1.413334 -0.06033 0.27998301
1.4120311 -0.16049001 0.275282
1.411231 -0.16026101 0.276357
1.411978 -0.059677999 0.28008801
1.4114439 -0.059083998 0.27996001
1.410109 -0.159629 0.27634999
1.410657 -0.058944002 0.280904
1.409513 -0.15973599 0.27569699
1.410175 -0.058967002 0.280617
1.408981 -0.159646 0.27610499
1.409122 -0.16035201 0.27560601
1.408331 -0.15897 0.276389
1.409093 -0.059002001 0.28008401
1.407853 -0.15909 0.27569601
1.4085129 -0.058968 0.280231
1.407878 -0.058332 0.280415
1.406628 -0.159036 0.27579701
1.407491 -0.058331002 0.28038001
1.406029 -0.157767 0.27603999
1.405985 -0.058254 0.28057501
1.405043 -0.157893 0.27524999
1.405652 -0.056541 0.27995601
1.405108 -0.056564 0.279627
1.403608 -0.15836599 0.275704
1.404439 -0.056462999 0.28031501
1.403089 -0.157654 0.27621999
1.40361 -0.055215001 0.28055301
1.401871 -0.15704399 0.27607101
1.4019229 -0.15763199 0.276169
1.402683 -0.054644 0.28018001
1.40126 -0.15701599 0.276126
1.402144 -0.053986002 0.28060499
1.400793 -0.15713499 0.27544001
1.401234 -0.054522999 0.280799
1.400128 -0.157033 0.275879
1.399457 -0.156332 0.27629
1.399703 -0.157033 0.275841
1.4001451 -0.054545 0.28035399
1.398952 -0.15651201 0.27526101
1.399635 -0.053339999 0.280388
1.3984081 -0.156455 0.27549499
1.397745 -0.15637 0.27584201
1.398419 -0.052668002 0.28074801
1.3971421 -0.155836 0.27537501
1.397918 -0.053204998 0.28113401
1.39666 -0.15579499 0.27554101
1.3969769 -0.053265002 0.28029901
1.396106 -0.155819 0.27533999
1.394846 -0.15514299 0.275529
1.3956701 -0.053238999 0.28029299
1.394366 -0.154587 0.27521399
1.3936189 -0.154431 0.27592501
1.392941 -0.15377399 0.27610499
1.39249 -0.153742 0.27622899
1.391819 -0.153191 0.27583501
1.391854 -0.15376 0.27603301
1.3929451 -0.049577001 0.28050199
1.392628 -0.051341001 0.280507
1.391178 -0.153088 0.276292
1.392116 -0.048925001 0.28073999
1.390682 -0.15261599 0.27551401
1.389966 -0.15313999 0.27582499
1.39089 -0.049547002 0.280164
1.3896 -0.153182 0.275576
1.3903069 -0.04888 0.28065801
1.3888741 -0.152539 0.275662
1.38981 -0.047724001 0.28026199
1.388284 -0.152492 0.275828
1.389184 -0.047685001 0.28044501
1.387761 -0.15191901 0.27559099
1.3886499 -0.047779001 0.27947301
1.387086 -0.15180101 0.27612299
1.388005 -0.047738001 0.27965799
1.3865941 -0.15063 0.27587
1.385808 -0.150481 0.276535
1.386969 -0.047729999 0.27949399
1.385438 -0.150612 0.27579501
1.386174 -0.047019001 0.28028199
1.3846689 -0.151105 0.27625999
1.385667 -0.047019001 0.28016499
1.38411 -0.150488 0.276254
1.384161 -0.151115 0.27614099
1.3835191 -0.15050299 0.276086
1.384499 -0.046353001 0.28051701
1.382979 -0.14994501 0.27575901
1.383814 -0.046328999 0.28052801
1.382358 -0.150479 0.27604699
1.38306 -0.046330001 0.28028399
1.3818001 -0.149886 0.27590799
1.38279 -0.046363 0.27998799
1.381193 -0.14993601 0.27553701
1.382188 -0.045678999 0.280635
1.380686 -0.149872 0.27582699
1.381566 -0.045125 0.28010201
1.381566 -0.045715999 0.28012601
1.379949 -0.149159 0.27629399
1.380926 -0.045109 0.28006101
1.379379 -0.149112 0.276472
1.380479 -0.045125 0.279834
1.378875 -0.148526 0.276315
1.379843 -0.043931 0.279708
1.379793 -0.044441 0.28044799
1.378299 -0.14800701 0.27576399
1.378293 -0.148498 0.27638
1.379234 -0.043216001 0.28064299
1.377645 -0.14724 0.27656299
1.3777111 -0.147848 0.27655599
1.378692 -0.042686999 0.27991101
1.3770241 -0.14735 0.27585301
1.37657 -0.14737 0.27569401
1.377406 -0.041958999 0.280783
1.377593 -0.042596001 0.280471
1.37577 -0.147214 0.27640599
1.375127 -0.146615 0.27627599
1.376228 -0.041926999 0.280761
1.3758529 -0.040780999 0.28032199
1.375762 -0.041356001 0.280449
1.3741831 -0.147347 0.275453
1.3753 -0.040759001 0.280384
1.373542 -0.147274 0.27575201
1.3744839 -0.040692002 0.28073201
1.372894 -0.146497 0.27660999
1.374041 -0.040165 0.28001699
1.374086 -0.040720001 0.280404
1.372324 -0.146614 0.27587599
1.373315 -0.039464999 0.280788
1.3718131 -0.146653 0.27559301
1.372854 -0.038895998 0.28045899
1.372792 -0.039445002 0.28084201
1.371223 -0.146584 0.275888
1.372256 -0.038865998 0.28057301
1.3705471 -0.14541 0.27558801
1.370515 -0.145863 0.27641401
1.37156 -0.038779002 0.281178
1.369884 -0.14525899 0.27632001
1.371134 -0.038892999 0.28001899
1.3694479 -0.145318 0.27594599
1.370567 -0.037648 0.280415
1.368916 -0.144633 0.27633101
1.3700809 -0.037066001 0.2802
1.369422 -0.036444999 0.280251
1.369415 -0.037039999 0.280242
1.367667 -0.14468201 0.27585399
1.368765 -0.036329001 0.28116
1.366999 -0.143933 0.27655399
1.368246 -0.035843 0.28001001
1.366328 -0.143943 0.27638099
1.367648 -0.035215002 0.28016901
1.365944 -0.14399999 0.27603701
1.367045 -0.035138 0.28073201
1.365221 -0.143369 0.276059
1.366397 -0.035096999 0.28093001
1.364741 -0.143356 0.27607599
1.3640471 -0.143398 0.27571899
1.365213 -0.034441002 0.281203
1.365253 -0.035076998 0.28080699
1.363507 -0.142731 0.27599999
1.364395 -0.033805002 0.28133401
1.364094 -0.032675002 0.28076899
1.362318 -0.14336 0.275668
1.36356 -0.031475998 0.28074801
1.363611 -0.032132 0.280159
1.3629611 -0.031484999 0.280489
1.361154 -0.142759 0.27547699
1.362348 -0.03028 0.28049099
1.36052 -0.142681 0.275812
1.3617181 -0.029641001 0.28074899
1.361784 -0.030242 0.280707
1.360149 -0.14211699 0.275567
1.361191 -0.029626001 0.28075701
1.359385 -0.14204399 0.27583599
1.360636 -0.029056 0.280375
1.358814 -0.14149199 0.27545699
1.3599631 -0.028387001 0.28092301
1.360041 -0.028995 0.28080699
1.358278 -0.141394 0.27593699
1.357493 -0.141307 0.27627799
1.3589669 -0.027203999 0.280644
1.3589391 -0.027828 0.28031
1.3569911 -0.141317 0.27615699
1.35834 -0.026575999 0.28079799
1.358368 -0.027136 0.28114501
1.356485 -0.140745 0.27591199
1.357813 -0.026556 0.280864
1.355803 -0.14068 0.276162
1.35715 -0.025955001 0.28073099
1.357165 -0.026525 0.28097099
1.355179 -0.140688 0.27601299
1.356652 -0.025335999 0.28086901
1.356649 -0.02593 0.28085199
1.354594 -0.13998701 0.27647999
1.353951 -0.13997599 0.276434
1.355358 -0.024697 0.28092799
1.355387 -0.025283 0.28100401
1.3533109 -0.139337 0.27653199
1.3549351 -0.02413 0.28057501
1.352845 -0.139465 0.27575099
1.354337 -0.024084 0.28085801
1.352342 -0.138923 0.27533799
1.353675 -0.02344 0.281176
1.353655 -0.024029 0.28119901
1.351631 -0.139382 0.276025
1.353074 -0.022845 0.28101501
1.351072 -0.139401 0.27583501
1.350457 -0.138686 0.276371
1.3519371 -0.022229999 0.28090799
1.349912 -0.138753 0.27591199
1.351424 -0.021647001 0.28066301
1.351398 -0.022181001 0.28126401
1.349403 -0.138762 0.27579099
1.350785 -0.021596 0.280994
1.348823 -0.13818 0.27558401
1.350176 -0.021528 0.28150901
1.349694 -0.020426 0.280514
1.349726 -0.021025 0.280469
1.347471 -0.136851 0.27604499
1.347611 -0.13748901 0.27589101
1.34769 -0.138116 0.275776
1.3490911 -0.020400999 0.28058901
1.346424 -0.136943 0.275372
1.347755 -0.020298 0.281225
1.345798 -0.136792 0.27613199
1.3450201 -0.136784 0.27603099
1.346609 -0.020217 0.28172499
1.3444771 -0.136811 0.27579799
1.346118 -0.019069999 0.28120199
1.346025 -0.019607 0.28173101
1.3439519 -0.13618299 0.27586499
1.34545 -0.019021999 0.281486
1.343338 -0.13616499 0.27586901
1.344998 -0.018449999 0.28115299
1.342786 -0.136133 0.275969
1.344336 -0.01843 0.28114301
1.342195 -0.13549601 0.27607
1.342236 -0.136113 0.27600399
1.343738 -0.018391 0.28136799
1.343191 -0.018379999 0.28131601
1.341071 -0.13551401 0.27579901
1.340387 -0.135511 0.275691
1.342065 -0.017215 0.28076899
1.341975 -0.017716 0.28170201
1.342066 -0.018342 0.28138399
1.3398499 -0.135387 0.276328
1.341449 -0.017145 0.28131801
1.339288 -0.134763 0.276366
1.340831 -0.017147999 0.281082
1.338773 -0.13488699 0.275583
1.340269 -0.016579 0.28065401
1.340207 -0.017093999 0.28145599
1.338192 -0.134856 0.27566499
1.339574 -0.017078999 0.28139901
1.33746 -0.134232 0.27564901
1.339041 -0.016497999 0.28112
1.336919 -0.134202 0.275745
1.336315 -0.13347299 0.27637601
1.337922 -0.015882 0.281032
1.33574 -0.133637 0.275334
1.335114 -0.13355599 0.27569899
1.336722 -0.016379001 0.281672
1.334559 -0.133472 0.276104
1.336147 -0.015825 0.28108299
1.333982 -0.13405199 0.276144
1.335567 -0.015803 0.281138
1.33329 -0.13349199 0.275774
1.334885 -0.015735 0.28163499
1.334442 -0.015807001 0.280736
1.332276 -0.133431 0.275987
1.333786 -0.015134 0.28139701
1.331522 -0.134005 0.27601299
1.333251 -0.015112 0.28147399
1.330904 -0.133972 0.27610001
1.332597 -0.015094 0.28143999
1.330343 -0.133976 0.27599201
1.329663 -0.13338 0.27582899
1.331576 -0.013963 0.28056699
1.329051 -0.133966 0.27582601
1.33091 -0.013899 0.28103
1.32859 -0.134049 0.27529201
1.330337 -0.013863 0.281239
1.3280261 -0.133854 0.27633199
1.329713 -0.0144 0.28163901
1.327414 -0.13459 0.275466
1.329203 -0.014385 0.28165099
1.326825 -0.13456599 0.275507
1.328624 -0.013276 0.28063899
1.326233 -0.13400599 0.275166
1.32609 -0.13439301 0.27636701
1.327983 -0.013249 0.280707
1.325611 -0.134381 0.27637699
1.3274029 -0.013194 0.28112999
1.325128 -0.135056 0.27589899
1.3268189 -0.012613 0.28082401
1.324465 -0.135113 0.27545699
1.323768 -0.135051 0.27568701
1.325688 -0.012563 0.28101301
1.323332 -0.135695 0.27540699
1.3251081 -0.013088 0.28155899
1.322507 -0.135727 0.27506101
1.321968 -0.135666 0.275334
1.321926 -0.136133 0.27610201
1.32402 -0.012023 0.279899
1.321413 -0.136145 0.27596
1.323344 -0.01193 0.28069401
1.320758 -0.13624901 0.27525401
1.320762 -0.13678899 0.27561599
1.322701 -0.011917 0.280608
1.320227 -0.136684 0.276142
1.322209 -0.011386 0.27978
1.321715 -0.011365 0.27987501
1.319007 -0.137255 0.27612901
1.321079 -0.011297 0.28041199
1.318472 -0.13801999 0.27513501
1.32038 -0.011239 0.28080401
1.317832 -0.13802999 0.27497101
1.319818 -0.011203 0.28102201
1.317314 -0.138017 0.27497399
1.317126 -0.138506 0.27557001
1.319309 -0.011235 0.28051701
1.316543 -0.139127 0.275379
1.316491 -0.139725 0.275397
1.315937 -0.139689 0.275518
1.315889 -0.14028201 0.27556601
1.3158081 -0.140909 0.27541199
1.318031 -0.011114 0.28142199
1.3148611 -0.140903 0.275332
1.314791 -0.141555 0.27504101
1.316879 -0.010503 0.28125501
1.314068 -0.141423 0.27565101
1.316305 -0.011141 0.28054699
1.3134741 -0.142603 0.27571499
1.315711 -0.011112 0.28068301
1.312916 -0.14329299 0.275161
1.312924 -0.143851 0.275415
1.315152 -0.010482 0.28091899
1.3121901 -0.143768 0.27574801
1.314556 -0.010466 0.28090701
1.311685 -0.14444 0.27530301
1.311736 -0.14512999 0.27484801
1.31399 -0.0093040001 0.280462
1.31392 -0.0098569999 0.280864
1.310982 -0.145625 0.275314
1.313532 -0.0093400003 0.27993101
1.310503 -0.145658 0.27507299
1.312867 -0.0093099996 0.28002799
1.309935 -0.145629 0.275152
1.309291 -0.146156 0.275475
1.3116831 -0.0092359995 0.28046399
1.30872 -0.146201 0.27514201
1.311049 -0.0092160003 0.28046501
1.308116 -0.146258 0.274739
1.310389 -0.0091880001 0.28054899
1.307366 -0.146819 0.27484599
1.309848 -0.0091540003 0.28075701
1.3068269 -0.14613301 0.275215
1.309224 -0.0091089997 0.28105399
1.306266 -0.146156 0.27500901
1.308718 -0.0091040004 0.280954
1.305685 -0.14666601 0.27544099
1.308159 -0.0091350004 0.28042701
1.3080029 -0.0096450001 0.28126299
1.30453 -0.14604101 0.27538499
1.306914 -0.0090680001 0.28074101
1.303874 -0.14601301 0.27543101
1.306293 -0.0095720002 0.28152701
1.303394 -0.14671201 0.27485499
1.305717 -0.0095769996 0.281277
1.302798 -0.14726 0.27507699
1.3051879 -0.0083980002 0.28105599
1.30145 -0.14725199 0.27489799
1.300869 -0.147218 0.27499601
1.303398 -0.0078019998 0.28048301
1.299862 -0.147176 0.275098
1.3022259 -0.0077669998 0.28049099
1.29861 -0.147229 0.27461201
1.300984 -0.0082369996 0.28144401
1.297912 -0.146547 0.274919
1.299867 -0.0087909997 0.281506
1.296816 -0.146556 0.27471399
1.299215 -0.007584 0.28153899
1.296127 -0.146449 0.275186
1.29856 -0.007613 0.28096899
1.298018 -0.0075730002 0.28124401
1.295033 -0.14653701 0.27454999
1.297482 -0.006976 0.28113499
1.2943389 -0.146533 0.27445501
1.2969331 -0.0069590001 0.28114799
1.293713 -0.14643499 0.27489299
1.296333 -0.0075170002 0.28133601
1.293184 -0.146979 0.27515301
1.295643 -0.0080530001 0.28170401
1.292595 -0.14640599 0.27489299
1.295108 -0.0074800001 0.28132799
1.29205 -0.146938 0.27521399
1.291383 -0.14691199 0.27524501
1.293979 -0.0069169998 0.280615
1.290779 -0.146837 0.275565
1.2933919 -0.0074649998 0.28092501
1.2901061 -0.146897 0.27512601
1.292861 -0.0074729999 0.280664
1.29221 -0.0074120001 0.281124
1.289081 -0.14692999 0.274811
1.291553 -0.007983 0.28112
1.288551 -0.146905 0.27487701
1.291024 -0.0074280002 0.28053299
1.287703 -0.146161 0.27547801
1.290489 -0.0074319998 0.280314
1.286971 -0.14687499 0.274762
1.289806 -0.0067810002 0.280734
1.286694 -0.14675801 0.27539399
1.289297 -0.006753 0.2809
1.285899 -0.146825 0.274885
1.288748 -0.0073739998 0.28039199
1.285508 -0.146888 0.274506
1.287941 -0.0073020002 0.28088999
1.2874759 -0.0067119999 0.28073201
1.284308 -0.14676701 0.27498701
1.286868 -0.007338 0.28014001
1.283589 -0.14609601 0.27522299
1.286334 -0.0073079998 0.28030699
1.282926 -0.145492 0.275114
1.2856669 -0.0072539998 0.28067899
1.282297 -0.145566 0.274611
1.285073 -0.007183 0.28128299
1.284549 -0.007185 0.28109801
1.281271 -0.14680301 0.27432901
1.283991 -0.0071040001 0.28184199
1.283201 -0.0065239999 0.28138599
1.280058 -0.146805 0.27413401
1.2800159 -0.147231 0.27509499
1.282703 -0.0065100002 0.2814
1.279367 -0.14667401 0.27473199
1.278756 -0.146657 0.27472901
1.2815011 -0.0064989999 0.281113
1.27836 -0.14725 0.27476001
1.277593 -0.147257 0.27458701
1.280387 -0.006482 0.28093001
1.277043 -0.147212 0.27475199
1.27653 -0.146648 0.274463
1.279204 -0.0058650002 0.28081501
1.2757829 -0.147094 0.275199
1.278674 -0.005874 0.28054199
1.27514 -0.14711601 0.27497801
1.274554 -0.147121 0.274865
1.274478 -0.147765 0.274634
1.27754 -0.006943 0.28148001
1.276821 -0.0069300001 0.281349
1.273409 -0.147744 0.274602
1.276335 -0.0069829999 0.28060499
1.2756881 -0.0069240001 0.28104699
1.272275 -0.14765801 0.27491
1.275074 -0.0069519999 0.28051099
1.271594 -0.14775801 0.27425501
1.274477 -0.0069419998 0.280426
1.271193 -0.148288 0.274625
1.273934 -0.0068580001 0.28120899
1.27044 -0.14824399 0.27473101
1.273351 -0.006881 0.280743
1.269901 -0.14767499 0.274463
1.272674 -0.005661 0.28090501
1.269205 -0.14772099 0.27409899
1.2721961 -0.0062210001 0.28112501
1.268634 -0.148269 0.27432701
1.271529 -0.0062529999 0.28051999
1.270929 -0.006209 0.280819
1.267439 -0.148131 0.274896
1.270461 -0.0068029999 0.28065601
1.270321 -0.0073910002 0.28063601
1.266935 -0.148104 0.274979
1.266346 -0.148283 0.27392501
1.266219 -0.14866599 0.27509001
1.269274 -0.0073799998 0.28043699
1.265594 -0.14817201 0.27439699
1.2687089 -0.0079389997 0.28062499
1.2651531 -0.148174 0.27433801
1.265079 -0.148635 0.275096
1.267992 -0.007894 0.280862
1.2643861 -0.14822 0.273954
1.267382 -0.0079150004 0.280422
1.263872 -0.148789 0.274088
1.266817 -0.0073230001 0.28022799
1.263392 -0.14868 0.27461699
1.266307 -0.0072909999 0.28042999
1.262591 -0.149332 0.27422401
1.265619 -0.0072380002 0.28077501
1.26201 -0.14925499 0.27455699
1.265124 -0.0066459998 0.28062099
1.2614729 -0.149225 0.27464399
1.264547 -0.006664 0.280222
1.260865 -0.149142 0.27499801
1.260209 -0.149194 0.274618
1.263255 -0.007131 0.28118801
1.259589 -0.14922599 0.27434799
1.262717 -0.00655 0.28088799
1.259092 -0.149804 0.274436
1.2622859 -0.0065910001 0.280312
1.262098 -0.007185 0.28018799
1.258329 -0.14975099 0.27458999
1.261577 -0.0071999999 0.27985299
1.257895 -0.149854 0.273992
1.260897 -0.0082820002 0.280774
1.2572761 -0.14989901 0.27365699
1.257215 -0.150399 0.27420801
1.260303 -0.008254 0.28088301
1.25969 -0.0076740002 0.280534
1.256184 -0.15031099 0.27454701
1.259101 -0.0082430001 0.28060001
1.255468 -0.150414 0.27387801
1.258563 -0.0076609999 0.280314
1.254891 -0.150438 0.27366701
1.2579139 -0.0076540001 0.28016299
1.254279 -0.150932 0.274174
1.257434 -0.0075810002 0.28084499
1.253695 -0.15094 0.27404499
1.2568409 -0.00703 0.28016999
1.2528681 -0.15092 0.27400899
1.256251 -0.0069510001 0.280871
1.255581 -0.006908 0.281113
1.251846 -0.15093499 0.273799
1.251312 -0.15090001 0.273913
1.2511981 -0.151492 0.27396199
1.254398 -0.0068970001 0.28083199
1.2538151 -0.0068970001 0.28064099
1.250059 -0.151471 0.27390999
1.253244 -0.0069539999 0.27981299
1.25269 -0.006904 0.28018701
1.2487971 -0.151986 0.27420601
1.252148 -0.0068359999 0.28078601
1.248266 -0.151969 0.274223
1.2514941 -0.0068330001 0.28058299
1.247529 -0.151866 0.27464899
1.251035 -0.0068640001 0.28010899
1.250443 -0.0062589999 0.28004
1.246542 -0.151852 0.27460101
1.24641 -0.15262 0.273709
1.249774 -0.0062299999 0.28013
1.245858 -0.15247899 0.27438399
1.24913 -0.0067389999 0.28084299
1.245236 -0.15258799 0.27371401
1.248571 -0.0073040002 0.28097799
1.244656 -0.153179 0.27371299
1.248004 -0.007369 0.28005901
1.244047 -0.153043 0.274344
1.2472939 -0.0067509999 0.28008199
1.243486 -0.153662 0.274196
1.2467459 -0.0067389999 0.28004101
1.242806 -0.153091 0.27390599
1.2420959 -0.15305801 0.273963
1.2457221 -0.006699 0.28017101
1.245542 -0.0073119998 0.27984899
1.241613 -0.153643 0.27401701
1.245001 -0.0073009999 0.27980101
1.240947 -0.15367299 0.27375999
1.244491 -0.0072130002 0.280633
1.240297 -0.154146 0.274362
1.243777 -0.0072380002 0.28009099
1.239783 -0.154157 0.27423999
1.243276 -0.0072010001 0.28035399
1.243269 -0.0077439998 0.280902
1.2391911 -0.15366 0.27357799
1.242582 -0.0077849999 0.28019899
1.2385679 -0.15367199 0.273424
1.242108 -0.0077430001 0.28053099
1.237957 -0.15423299 0.27357399
1.241421 -0.007737 0.280359
1.23744 -0.154865 0.27337599
1.23689 -0.155435 0.27349299
1.240218 -0.0083579998 0.27963501
1.235655 -0.15523 0.27438399
1.234926 -0.155908 0.273895
1.238436 -0.0082820002 0.27988699
1.237963 -0.0083029997 0.27951699
1.233739 -0.156515 0.273725
1.237265 -0.0082559995 0.27978599
1.2331721 -0.155958 0.27339101
1.23677 -0.0082400003 0.27981699
1.232525 -0.156408 0.274111
1.236088 -0.0081989998 0.280029
1.231894 -0.15656701 0.27318999
1.231799 -0.15714601 0.27331099
1.235067 -0.008196 0.279762
1.234992 -0.0087799998 0.27982301
1.2307 -0.157058 0.273624
1.2301821 -0.15696201 0.274059
1.233943 -0.0087369997 0.27997401
1.229544 -0.15710001 0.27324599
1.229341 -0.15768 0.273339
1.233187 -0.0092850002 0.28018701
1.228825 -0.157527 0.27406901
1.232609 -0.009323 0.27959001
1.228345 -0.158272 0.273296
1.2319469 -0.0092460001 0.28019899
1.227666 -0.158123 0.27396399
1.231444 -0.0092679998 0.27980801
1.2270499 -0.158246 0.27323601
1.230751 -0.0097970003 0.280269
1.2265 -0.158759 0.27365401
1.230188 -0.0098339999 0.27969
1.2258691 -0.15874501 0.273633
1.229619 -0.0097730001 0.280168
1.225276 -0.159339 0.27362001
1.228979 -0.0091970004 0.27976
1.224674 -0.15939 0.27327201
1.228462 -0.0098470002 0.27898499
1.2279069 -0.0097939996 0.27939099
1.22351 -0.159343 0.27335101
1.227192 -0.01032 0.279874
1.222851 -0.159261 0.273678
1.226754 -0.0097859995 0.279107
1.222259 -0.159334 0.27321601
1.222182 -0.15987501 0.27354199
1.22598 -0.0097519998 0.27919999
1.221652 -0.16057201 0.27301699
1.2209949 -0.15993799 0.27305201
1.22043 -0.16048899 0.27326599
1.22443 -0.0097009996 0.27928901
1.223693 -0.010316 0.27878299
1.223037 -0.010311 0.27862099
1.218653 -0.16175 0.272789
1.222519 -0.0096420003 0.27928001
1.2179 -0.161081 0.272984
1.2218291 -0.01021 0.279318
1.2174619 -0.16158301 0.27347699
1.221137 -0.0095990002 0.27926999
1.216832 -0.161552 0.27354401
1.220553 -0.010183 0.27918699
1.216374 -0.16160201 0.273238
1.21569 -0.16214301 0.27347499
1.215021 -0.16281401 0.27305499
1.213799 -0.16338199 0.27309
1.213185 -0.163293 0.27345499
1.216894 -0.01004 0.279544
1.212512 -0.16389699 0.27337301
1.215987 -0.0099919997 0.2798
1.211417 -0.16389699 0.27323401
1.2111911 -0.16451199 0.27314699
1.215378 -0.0099449996 0.28011701
1.214704 -0.01001 0.279174
1.2101671 -0.164496 0.27310401
1.2142659 -0.0093970001 0.279268
1.209478 -0.164492 0.27301899
1.213491 -0.0099839997 0.27906001
1.212872 -0.0093590003 0.27919301
1.208294 -0.165186 0.27242899
1.212431 -0.0098879999 0.279773
1.207767 -0.165095 0.27281901
1.211843 -0.0093289996 0.27920899
1.207131 -0.16577201 0.272387
1.211202 -0.0092439996 0.27992499
1.2064511 -0.165534 0.27348199
1.205868 -0.165563 0.27326101
1.210065 -0.009269 0.27928001
1.205254 -0.165547 0.27325499
1.209314 -0.00923 0.27943701
1.208908 -0.0091639999 0.280054
1.204069 -0.166232 0.27270699
1.208145 -0.009788 0.27945101
1.203488 -0.166171 0.27293801
1.2075731 -0.0097340001 0.27985501
1.202885 -0.166879 0.272358
1.2028919 -0.167401 0.27279299
1.2069581 -0.0097030001 0.27998701
1.202167 -0.167263 0.273375
1.2016521 -0.167969 0.272825
1.205946 -0.0096899997 0.27982199
1.2010339 -0.16789401 0.273114
1.205338 -0.0090939999 0.27964699
1.200411 -0.167954 0.27272701
1.2047499 -0.0096819997 0.27952099
1.199839 -0.16800401 0.27240399
1.1992511 -0.168504 0.27286801
1.203634 -0.0090039996 0.28009301
1.203035 -0.0089699998 0.28026301
1.197946 -0.16914099 0.272544
1.202271 -0.0095889997 0.27971199
1.197291 -0.16903199 0.27298999
1.201898 -0.0095260004 0.28030699
1.196622 -0.168938 0.273366
1.2012579 -0.0089750001 0.279623
1.1960551 -0.170344 0.27235699
1.200478 -0.0095659997 0.27937201
1.199931 -0.0094900001 0.28003001
1.1948839 -0.170304 0.27240199
1.194749 -0.17077699 0.27304399
1.194216 -0.17076699 0.27302799
1.198854 -0.0095290001 0.27927399
1.1981291 -0.010031 0.280013
1.193134 -0.171432 0.27261299
1.197603 -0.0088579999 0.27969199
1.192548 -0.171344 0.27296999
1.197023 -0.0088860001 0.27920201
1.196281 -0.009412 0.27967799
1.191264 -0.171342 0.27280501
1.1911089 -0.17191499 0.27295199
1.195804 -0.0093860002 0.279827
1.190585 -0.17262 0.27241299
1.195233 -0.0094699999 0.27872801
1.190069 -0.17264099 0.27225199
1.194643 -0.0093909996 0.279396
1.18942 -0.17319 0.272457
1.194153 -0.0081970003 0.27931401
1.188872 -0.172647 0.27206501
1.193486 -0.0075949999 0.27917099
1.188131 -0.17316499 0.27240399
1.192976 -0.007611 0.27883801
1.1875221 -0.17323799 0.27196801
1.187573 -0.17367899 0.27279699
1.192426 -0.0075380001 0.27947
1.187138 -0.173655 0.272872
1.186981 -0.174327 0.27253199
1.19173 -0.0075309998 0.27929801
1.1910861 -0.0069599999 0.278826
1.185946 -0.174897 0.27260301
1.190491 -0.006904 0.27925599
1.185295 -0.174822 0.27287701
1.189978 -0.0068950001 0.27918699
1.184557 -0.174862 0.27257401
1.189407 -0.0063260002 0.278734
1.184043 -0.17487 0.272475
1.1839271 -0.175442 0.27263299
1.1832761 -0.175989 0.27285001
1.188288 -0.0062770001 0.27891201
1.187628 -0.006234 0.27916199
1.182073 -0.175973 0.27276799
1.187143 -0.0056799999 0.27856901
1.181444 -0.176659 0.272315
1.186337 -0.006174 0.27937499
1.180933 -0.176505 0.27299801
1.185788 -0.005628 0.27867401
1.1804169 -0.17648301 0.27304801
1.185235 -0.005653 0.27821499
1.179837 -0.177213 0.272392
1.18455 -0.0055760001 0.27882501
1.17889 -0.17718101 0.27239701
1.183624 -0.005593 0.27836999
1.177803 -0.177054 0.272881
1.177752 -0.177672 0.27282801
1.1829669 -0.0055240002 0.27890301
1.177235 -0.178305 0.27265701
1.1766191 -0.178922 0.27253801
1.181178 -0.0055570002 0.277942
1.175401 -0.178831 0.272818
1.174755 -0.17878699 0.27294499
1.174669 -0.179437 0.272733
1.179943 -0.0049069999 0.27814099
1.174045 -0.180049 0.272645
1.179211 -0.004888 0.278092
1.178787 -0.0048619998 0.27825701
1.178211 -0.0047820001 0.27895999
1.1723191 -0.180806 0.27173001
1.172168 -0.18139701 0.27179101
1.1776921 -0.0053670001 0.27889401
1.171587 -0.18144 0.271514
1.177066 -0.0053790002 0.278552
1.171185 -0.181951 0.27195001
1.176448 -0.0052959998 0.279268
1.175914 -0.004162 0.278494
1.169821 -0.1825 0.272057
1.169336 -0.182519 0.27191201
1.1746401 -0.0040850001 0.27891499
1.168749 -0.18315101 0.27174199
1.174021 -0.0041080001 0.278447
1.167366 -0.183128 0.27166
1.1729929 -0.0035019999 0.278245
1.166864 -0.183651 0.27202001
1.1723059 -0.0034930001 0.278108
1.166122 -0.183604 0.272136
1.171756 -0.002847 0.27851099
1.165626 -0.18431 0.27163401
1.171048 -0.002229 0.27851799
1.165049 -0.18418799 0.27213699
1.164889 -0.184844 0.27189201
1.170516 -0.0022130001 0.27852601
1.169932 -0.0022090001 0.278382
1.16379 -0.18430001 0.27144799
1.169335 -0.0021639999 0.27868399
1.1630909 -0.185377 0.272035
1.168875 -0.002687 0.27935401
1.168225 -0.0020719999 0.27936399
1.1619231 -0.185378 0.27188399
1.1613491 -0.18653999 0.27209499
1.167107 -0.0025869999 0.27987999
1.166432 -0.0025830001 0.27969199
1.16003 -0.18660501 0.27161899
1.165975 -0.001431 0.279147
1.15942 -0.187226 0.271501
1.159471 -0.187731 0.271999
1.1652941 -0.00081699999 0.27912301
1.165383 -0.0013839999 0.27947301
1.158902 -0.187143 0.27182499
1.158136 -0.187841 0.271319
1.164179 -0.00077799999 0.279203
1.157638 -0.188299 0.27197301
1.163636 -0.00077599997 0.27903801
1.162282 -0.00013299999 0.27911299
1.1558599 -0.188942 0.27160901
1.161236 0.00047500001 0.27893499
1.154425 -0.189612 0.27114701
1.160342 0.001051 0.278382
1.159978 0.001087 0.27869999
1.153313 -0.19019599 0.271146
1.1526999 -0.190207 0.27102
1.152645 -0.19086599 0.27079099
1.1520441 -0.19082899 0.27088699
1.1519819 -0.191434 0.27090901
1.1582381 0.002297 0.278339
1.158308 0.0016740001 0.27804199
1.151372 -0.191332 0.271301
1.157473 0.0022819999 0.27787399
1.150896 -0.191947 0.27123699
1.1570981 0.0029219999 0.27830499
1.149773 -0.19189499 0.27134401
1.149609 -0.192527 0.27122
1.155369 0.00355 0.278099
1.1482739 -0.193039 0.27150801
1.1547771 0.0035880001 0.278339
1.154072 0.0042229998 0.278559
1.154164 0.0036190001 0.27848399
1.147122 -0.19253799 0.27086699
1.146621 -0.19361299 0.27149299
1.152836 0.004828 0.278245
1.1458319 -0.194287 0.271101
1.152318 0.0047880001 0.27758899
1.145303 -0.194215 0.27137101
1.151825 0.0048190001 0.27778301
1.151288 0.0060359999 0.277953
1.144022 -0.19415601 0.27147901
1.150705 0.0066399998 0.27785301
1.15072 0.0060359999 0.27774701
1.143573 -0.194161 0.271415
1.1434079 -0.194741 0.27153
1.143317 -0.195484 0.27092099
1.1429009 -0.195437 0.27109399
1.149518 0.007251 0.27762499
1.1495529 0.0066800001 0.277922
1.1422319 -0.19552501 0.27061099
1.1487859 0.0072699999 0.277576
1.140964 -0.196024 0.27096999
1.1471961 0.0073389998 0.277854
1.139843 -0.196578 0.27110499
1.139685 -0.19722299 0.27092999
1.146475 0.0086030001 0.278501
1.146571 0.0079779997 0.278164
1.1391 -0.19729 0.27056
1.138643 -0.197042 0.27162999
1.1454051 0.0086460002 0.27864501
1.138098 -0.19703101 0.27162099
1.144902 0.0092479996 0.27857301
1.1372499 -0.19842599 0.27073801
1.14424 0.0092970002 0.27892199
1.13683 -0.198284 0.27133799
1.1437629 0.0093259998 0.27912301
1.143086 0.0087130005 0.27860999
1.135524 -0.198367 0.270807
1.135336 -0.19898 0.270769
1.142521 0.0087540001 0.278916
1.134788 -0.199046 0.27041399
1.141909 0.009358 0.278813
1.134212 -0.19956499 0.27076501
1.141156 0.0087789996 0.278689
1.141076 0.0075770002 0.27847999
1.133598 -0.200849 0.27043501
1.140579 0.0075610001 0.27810201
1.140288 -0.0048870002 0.278357
1.140288 -0.0055089998 0.278061
1.140056 -0.007303 0.27785999
1.139984 0.0070259999 0.27860701
1.139883 0.0064059999 0.27823901
1.139763 -0.0030970001 0.27825999
1.139658 -0.0037420001 0.27764201
1.13957 -0.0043179998 0.27781999
1.139552 -0.0061389999 0.27741799
1.139504 -0.0067079999 0.277686
1.1395479 -0.0078980001 0.277706
1.13954 -0.0084680002 0.27796999
1.1392699 -0.009106 0.27740601
1.139418 -0.010821 0.27821699
1.132499 -0.201335 0.270877
1.139367 0.0058490001 0.27849901
1.139406 0.0052220002 0.27812499
1.1390769 -0.00071499997 0.27805701
1.139129 -0.001314 0.27802101
1.139008 -0.001901 0.278054
1.138926 -0.0096610002 0.27775201
1.131669 -0.20130999 0.27088001
1.1386091 0.005223 0.277832
1.138716 0.0046549998 0.27818501
1.1386321 0.0040500001 0.27802601
1.138484 -0.000116 0.27789599
1.138237 -0.011417 0.27783701
1.131186 -0.201324 0.27076501
1.131097 -0.20194 0.27073699
1.137957 0.0034340001 0.27751201
1.137959 0.001121 0.278281
1.137536 -0.012056 0.277154
1.13762 -0.0126 0.277731
1.137373 0.003481 0.27786601
1.137442 0.002844 0.27739599
1.136827 -0.013204 0.277374
1.136785 -0.013779 0.27757701
1.1369669 -0.014347 0.277935
1.129756 -0.201331 0.27055699
1.136197 -0.014982 0.277275
1.1294481 -0.20172501 0.27150899
1.135644 -0.014946 0.27748799
1.1356291 -0.015458 0.27833301
1.135537 -0.016124001 0.277587
1.128723 -0.20196401 0.27035901
1.134928 -0.016704001 0.27755499
1.133812 -0.016686 0.277412
1.133811 -0.017222 0.27801299
1.126979 -0.20174 0.27115199
1.126731 -0.202372 0.271027
1.1332411 -0.017251 0.27755201
1.133099 -0.017854 0.27743399
1.1263829 -0.202373 0.27099499
1.126367 -0.20305499 0.270686
1.12604 -0.203756 0.27024499
1.13252 -0.018410999 0.27765101
1.132465 -0.019019 0.27751201
1.131812 -0.019060999 0.27689099
1.124911 -0.204228 0.270742
1.124956 -0.20478299 0.27100301
1.1312129 -0.019598 0.277307
1.1311769 -0.020197 0.27727199
1.131353 -0.02086 0.276678
1.12433 -0.204914 0.270356
1.1242779 -0.205498 0.270475
1.130663 -0.021415999 0.276867
1.13 -0.021353999 0.277282
1.123304 -0.20553701 0.27020699
1.123101 -0.20619801 0.269963
1.129328 -0.021407999 0.276548
1.122519 -0.20615201 0.27009901
1.128855 -0.021921 0.27724099
1.1288919 -0.022542 0.27701899
1.128893 -0.023136999 0.277033
1.128637 -0.023686999 0.27738801
1.121861 -0.206044 0.270495
1.128093 -0.023664 0.277459
1.12755 -0.024220999 0.27768999
1.126977 -0.024827 0.277437
1.126937 -0.025458001 0.2771
1.126862 -0.026064999 0.27697301
1.119987 -0.206659 0.27027199
1.126286 -0.026054 0.27692401
1.1263109 -0.026631 0.27712199
1.126246 -0.027171999 0.27762699
1.126156 -0.028354 0.27770701
1.126106 -0.029632 0.276907
1.126204 -0.030162999 0.27755499
1.126036 -0.030735999 0.27771899
1.119292 -0.20672099 0.26991999
1.12543 -0.030835001 0.276638
1.125473 -0.031401999 0.27692801
1.1187871 -0.207241 0.270273
1.118758 -0.207848 0.27029899
1.1249321 -0.031962998 0.277123
1.124868 -0.033128999 0.277363
1.124824 -0.03373 0.27731299
1.118136 -0.208505 0.27004001
1.124151 -0.033712 0.277293
1.124191 -0.034359999 0.276853
1.124212 -0.034931999 0.27709299
1.117488 -0.209051 0.27026099
1.1235861 -0.034990001 0.27640501
1.123444 -0.035572 0.276501
1.116918 -0.20956799 0.27061501
1.122895 -0.035532001 0.27671599
1.116365 -0.20960499 0.27039701
1.122256 -0.036134999 0.27649999
1.115688 -0.209664 0.270062
1.1216021 -0.037284002 0.276737
1.115159 -0.20972 0.26976299
1.121132 -0.037278 0.27667901
1.121055 -0.037865002 0.27675101
1.114516 -0.210247 0.27006501
1.120384 -0.038495999 0.27628601
1.113808 -0.210849 0.270033
1.119831 -0.039014999 0.276838
1.119248 -0.038977001 0.277024
1.112699 -0.21064 0.27081501
1.1186709 -0.039562002 0.27699
1.118643 -0.040229999 0.27637699
1.112007 -0.21016 0.270156
1.117991 -0.040167 0.27675399
1.111464 -0.21011201 0.270307
1.117316 -0.040842999 0.27590299
1.1167589 -0.040722001 0.27681199
1.1102509 -0.209417 0.27052099
1.109623 -0.210041 0.27040601
1.115667 -0.040683001 0.27688199
1.1150351 -0.041306999 0.276499
1.108416 -0.21002799 0.27032501
1.114431 -0.040709 0.276342
1.107766 -0.20953301 0.26973501
1.1137871 -0.041264001 0.27654999
1.1072561 -0.21004499 0.270127
1.113107 -0.041202001 0.27690199
1.11229 -0.062941998 0.27536401
1.112197 -0.065898001 0.27569401
1.106531 -0.209415 0.270109
1.112505 -0.041244 0.276393
1.111819 -0.059198 0.276366
1.1118391 -0.060382001 0.276492
1.1118079 -0.061092999 0.27563199
1.111804 -0.061721999 0.275408
1.111697 -0.063418999 0.27617201
1.111694 -0.064043 0.27599099
1.111719 -0.064645 0.275987
1.11172 -0.065295003 0.27562001
1.11166 -0.066445999 0.27597499
1.111654 -0.067100003 0.275574
1.111563 -0.067659996 0.27585399
1.111528 -0.068382002 0.274946
1.112035 -0.041219998 0.27648699
1.111375 -0.058605 0.276227
1.1109329 -0.069535002 0.275186
1.110878 -0.070102997 0.27541399
1.110899 -0.070687003 0.275545
1.110787 -0.072535001 0.27519101
1.110586 -0.073197998 0.274692
1.110763 -0.073735997 0.27520001
1.110696 -0.074289002 0.275529
1.10545 -0.208202 0.26992801
1.1113729 -0.040649001 0.27607501
1.110752 -0.05621 0.27604401
1.110804 -0.056839999 0.275823
1.110816 -0.057420999 0.275978
1.110715 -0.058038 0.27581501
1.110309 -0.07192 0.27520099
1.1108021 -0.041216999 0.27620101
1.1100791 -0.056205001 0.27592301
1.1094871 -0.074896 0.27523699
1.109339 -0.075529002 0.27497399
1.109495 -0.076114997 0.27512699
1.104226 -0.207506 0.270147
1.110202 -0.041111998 0.276952
1.109551 -0.054997001 0.27587199
1.109754 -0.05556 0.27623099
1.1095721 -0.056166001 0.27612501
1.108739 -0.076725997 0.27489701
1.1087919 -0.077894002 0.27516499
1.103687 -0.207591 0.26971701
1.109574 -0.041166998 0.27631801
1.109162 -0.052625999 0.275574
1.109166 -0.053144 0.27623299
1.109146 -0.053737 0.27627999
1.109181 -0.054324001 0.27639201
1.108119 -0.077918001 0.27485901
1.108121 -0.078511998 0.27491701
1.103083 -0.20736299 0.270641
1.1030771 -0.20807099 0.27023301
1.109113 -0.041092001 0.27685699
1.108569 -0.051433001 0.27537501
1.108562 -0.051943999 0.27609399
1.108525 -0.052540001 0.276117
1.107547 -0.079020999 0.275453
1.107461 -0.080219999 0.27546701
1.1023901 -0.206939 0.26973301
1.1085221 -0.040481001 0.276815
1.106837 -0.080286004 0.274878
1.107916 -0.040428001 0.27712601
1.1073591 -0.050161 0.27568099
1.107384 -0.050721999 0.27600399
1.107446 -0.051357001 0.27573901
1.106173 -0.080236003 0.275096
1.101264 -0.206744 0.27046001
1.107227 -0.040444002 0.27680299
1.10686 -0.049504999 0.276034
1.105478 -0.080836996 0.274955
1.106706 -0.039891999 0.27627599
1.1063859 -0.047711998 0.275886
1.106347 -0.048344001 0.275603
1.10639 -0.048866998 0.27624801
1.105123 -0.082006 0.27514601
1.100057 -0.206138 0.27028701
1.106012 -0.040429998 0.27661201
1.105687 -0.047646999 0.27624601
1.1043839 -0.081969 0.27525201
1.099527 -0.206007 0.27080399
1.105458 -0.040436 0.276429
1.105194 -0.045876998 0.275911
1.105247 -0.046397001 0.27658501
1.1052409 -0.047012001 0.27644801
1.103796 -0.082597002 0.27495399
1.098721 -0.20614199 0.27011299
1.10493 -0.039751999 0.277033
1.104668 -0.045793999 0.27647501
1.103035 -0.083194003 0.274831
1.098298 -0.20620599 0.26979601
1.104298 -0.039785001 0.276584
1.10405 -0.045802001 0.276263
1.102554 -0.08382 0.27458099
1.097685 -0.20599499 0.27064601
1.103786 -0.039101001 0.277208
1.1034729 -0.045200001 0.27614501
1.101938 -0.084280998 0.27543399
1.097073 -0.206149 0.269907
1.103067 -0.03915 0.27658501
1.102917 -0.043969002 0.27628401
1.1029021 -0.044580001 0.276178
1.101252 -0.084454998 0.27410299
1.096397 -0.20603199 0.270336
1.1027 -0.039182998 0.27622601
1.102599 -0.039708 0.27682701
1.102278 -0.043340001 0.27638
1.102309 -0.043926001 0.27650499
1.100583 -0.084469996 0.27386299
1.095868 -0.205448 0.270147
1.1019599 -0.039687 0.27684799
1.101729 -0.043338999 0.27625999
1.100064 -0.084398001 0.27426401
1.095328 -0.20536201 0.270468
1.101251 -0.039662998 0.276871
1.101298 -0.042061001 0.27684999
1.1011471 -0.042681001 0.276622
1.0995671 -0.084967002 0.27440199
1.094591 -0.204882 0.26978999
1.100688 -0.039730001 0.276142
1.100705 -0.040297002 0.276427
1.100715 -0.041536 0.27607101
1.098812 -0.084991001 0.27408701
1.100101 -0.040890001 0.27632499
1.098266 -0.085505001 0.27458701
1.093358 -0.20532501 0.27039701
1.0976011 -0.085589997 0.27387899
1.0976321 -0.086087003 0.274607
1.092859 -0.20466 0.27057001
1.0922461 -0.204742 0.270143
1.096372 -0.086750001 0.27395001
1.0916229 -0.205304 0.27029699
1.0959181 -0.087214999 0.27480799
1.095172 -0.087209001 0.274701
1.090396 -0.205974 0.269912
1.094653 -0.087788999 0.27475601
1.094476 -0.088340998 0.27505401
1.093936 -0.088361003 0.274822
1.089185 -0.20586 0.27027401
1.0933 -0.088993996 0.27450001
1.087956 -0.20581301 0.27033699
1.092066 -0.089583002 0.274358
1.087208 -0.205847 0.2701
1.09136 -0.089582004 0.27423
1.086766 -0.20586599 0.269972
1.090947 -0.090138003 0.274472
1.090271 -0.090125002 0.274427
1.0855319 -0.20577 0.27025101
1.089638 -0.090173997 0.27398601
1.089626 -0.090654001 0.27479801
1.089039 -0.091284998 0.27450901
1.088423 -0.091344997 0.273996
1.083658 -0.205781 0.26998901
1.083627 -0.20640901 0.26992401
1.083503 -0.20759299 0.270098
1.087731 -0.091913 0.274093
1.0871 -0.091917001 0.27395001
1.082449 -0.208233 0.26987299
1.086018 -0.091813996 0.274434
1.0858999 -0.092389002 0.274598
1.081109 -0.20824499 0.269667
1.085375 -0.092946 0.27480799
1.085318 -0.093557999 0.274739
1.080485 -0.208281 0.26944
1.080446 -0.20942099 0.26981801
1.0847501 -0.093576998 0.274508
1.079868 -0.20996299 0.27006799
1.084155 -0.093594 0.274286
1.079389 -0.210004 0.26984301
1.083577 -0.093643002 0.27386099
1.078752 -0.209378 0.26981899
1.08278 -0.094085999 0.27476099
1.078163 -0.20933101 0.269959
1.082204 -0.094742 0.274313
1.077445 -0.21001001 0.26959601
1.081673 -0.095331997 0.274304
1.076763 -0.210483 0.270125
1.081067 -0.095278002 0.27454501
1.076292 -0.210668 0.269283
1.080484 -0.095321 0.27416399
1.080436 -0.095882997 0.27442399
1.075411 -0.211813 0.269537
1.079801 -0.095876001 0.274353
1.0749789 -0.211775 0.26966101
1.074754 -0.212414 0.26952499
1.079193 -0.096432999 0.274544
1.074093 -0.213073 0.269261
1.078594 -0.095889002 0.27404401
1.07376 -0.21295699 0.26972899
1.078006 -0.096395001 0.27457699
1.073028 -0.213622 0.26943201
1.077354 -0.097010002 0.27438501
1.0767649 -0.097043 0.27406099
1.076336 -0.097061001 0.27387699
1.07103 -0.21485201 0.26920599
1.075426 -0.098261997 0.27375099
1.070388 -0.215487 0.26905
1.069906 -0.216076 0.269117
1.0743541 -0.098212004 0.27388
1.069334 -0.21599101 0.26941499
1.073714 -0.099353999 0.27419299
1.068603 -0.21658599 0.269418
1.0680569 -0.216536 0.26956901
1.072369 -0.099408999 0.27359399
1.067557 -0.21652199 0.26958099
1.067461 -0.217906 0.26892
1.07177 -0.100637 0.27337101
1.071234 -0.100615 0.273415
1.066272 -0.21715 0.26938301
1.0707181 -0.100513 0.27397299
1.070562 -0.101094 0.27409101
1.069903 -0.101698 0.27397701
1.0692199 -0.101766 0.27341801
1.0642411 -0.218943 0.26938301
1.0643899 -0.219566 0.269371
1.068727 -0.10224 0.27416199
1.0638061 -0.220211 0.269191
1.06811 -0.102832 0.27413401
1.068198 -0.103999 0.27441901
1.067503 -0.104148 0.27336401
1.0674241 -0.104625 0.274142
1.067362 -0.10523 0.27412799
1.066846 -0.105184 0.27432999
1.061819 -0.21965399 0.26872399
1.0613329 -0.220797 0.26904699
1.0656331 -0.105267 0.27360201
1.065689 -0.105816 0.273965
1.060654 -0.220698 0.269384
1.05985 -0.222519 0.269402
1.058027 -0.222569 0.269003
1.057361 -0.223097 0.26929599
1.056196 -0.223076 0.26925999
1.05615 -0.223718 0.26914501
1.056082 -0.22494601 0.269153
1.0603499 -0.110107 0.272706
1.0556279 -0.225033 0.26875499
1.059828 -0.110688 0.27277201
1.054855 -0.225566 0.269007
1.054956 -0.22612301 0.26926601
1.054728 -0.22669201 0.26943201
1.054343 -0.226805 0.26893401
1.0535949 -0.226899 0.26846501
1.053647 -0.227458 0.26870999
1.052965 -0.228049 0.268738
1.0574861 -0.108796 0.27283099
1.05699 -0.108779 0.272852
1.05698 -0.109306 0.273332
1.056917 -0.109883 0.27349201
1.051836 -0.22732399 0.26907101
1.0562479 -0.109929 0.27309701
1.055015 -0.109923 0.27292499
1.054484 -0.110466 0.27321899
1.053841 -0.110497 0.272921
1.053754 -0.111125 0.27276999
1.05399 -0.111652 0.27329999
1.048479 -0.231024 0.26871201
1.05314 -0.1123 0.272892
1.048002 -0.231646 0.26864699
1.052753 -0.112193 0.27347901
1.0525531 -0.112781 0.27354601
1.05207 -0.112889 0.272825
1.0466501 -0.23160399 0.268677
1.0513639 -0.112864 0.27284801
1.051272 -0.113477 0.272791
1.04606 -0.233513 0.26838201
1.04531 -0.234125 0.26832399
1.050171 -0.113393 0.27311599
1.044739 -0.234786 0.26809299
1.0495059 -0.113978 0.273132
1.0439219 -0.235892 0.26852
1.0490839 -0.114018 0.27282801
1.043479 -0.23593301 0.26831701
1.048308 -0.115123 0.273334
1.042737 -0.236375 0.26893899
1.047762 -0.115107 0.27334201
1.042116 -0.237078 0.26853499
1.041961 -0.237801 0.268094
1.046949 -0.115254 0.27232301
1.0464081 -0.115173 0.27272201
1.040849 -0.238884 0.26859
1.0457571 -0.115691 0.27313799
1.0457031 -0.116443 0.272266
1.040392 -0.23889101 0.26852199
1.04026 -0.239516 0.26847801
1.045112 -0.116321 0.27289
1.044481 -0.116915 0.27285999
1.0389349 -0.240165 0.26822001
1.044016 -0.116947 0.27260301
1.043902 -0.117437 0.273267
1.038257 -0.240172 0.26811999
1.043416 -0.117527 0.27266201
1.043303 -0.118136 0.272623
1.04307 -0.1188 0.272246
1.037617 -0.240255 0.267728
1.042675 -0.118732 0.27258599
1.03704 -0.24079999 0.26796401
1.042082 -0.118724 0.272535
1.036445 -0.240688 0.26834601
1.041364 -0.118678 0.272686
1.035942 -0.240769 0.267979
1.040722 -0.119332 0.27230501
1.040696 -0.119819 0.27300099
1.03508 -0.244517 0.267737
1.040187 -0.119857 0.27270299
1.034532 -0.242071 0.26757401
1.03471 -0.243126 0.26831099
1.03456 -0.24513599 0.26768699
1.034048 -0.24563 0.268125
1.039019 -0.120376 0.27302799
1.0332381 -0.246169 0.26834801
1.038393 -0.121019 0.272719
1.032643 -0.24613801 0.26841199
1.03774 -0.121027 0.27256399
1.037763 -0.121545 0.273083
1.0376689 -0.122724 0.27326801
1.037087 -0.122695 0.27334601
1.031479 -0.246106 0.26842499
1.036418 -0.123344 0.27299801
1.035188 -0.123349 0.27277401
1.0346839 -0.123356 0.27265599
1.033878 -0.124006 0.272277
1.028272 -0.25058699 0.26753399
1.028093 -0.25127599 0.26724201
1.033206 -0.124499 0.27282801
1.027565 -0.25114 0.26771599
1.02693 -0.25174299 0.26771501
1.032009 -0.125752 0.27241799
1.026216 -0.25241801 0.267432
1.026142 -0.253111 0.26714101
1.031302 -0.12633599 0.272441
1.030831 -0.126894 0.272654
1.0248719 -0.25372699 0.26703301
1.030341 -0.126837 0.27290401
1.024291 -0.254807 0.26758501
1.029778 -0.12696099 0.27211499
1.0294549 -0.12759 0.271934
1.023675 -0.25608101 0.267396
1.029037 -0.127498 0.27239501
1.028308 -0.12741999 0.27272099
1.0283231 -0.127996 0.27290601
1.022476 -0.25537199 0.26762101
1.027728 -0.128041 0.27255499
1.021196 -0.25593299 0.267719
1.0266531 -0.12863301 0.272486
1.026315 -0.12934101 0.271862
1.020542 -0.25587299 0.267885
1.019959 -0.25596899 0.267465
1.0252171 -0.129346 0.271667
1.0252531 -0.12982699 0.27238601
1.019347 -0.25591201 0.267625
1.024591 -0.13044199 0.272248
1.018788 -0.25648201 0.26776299
1.024122 -0.13047799 0.271979
1.024081 -0.13104901 0.27217999
1.018139 -0.257177 0.267414
1.018136 -0.257824 0.26731199
1.023412 -0.13116799 0.27140701
1.023355 -0.131651 0.27210101
1.022674 -0.13174801 0.27145001
1.022737 -0.13223299 0.27214801
1.016973 -0.257148 0.267416
1.0213521 -0.13291501 0.27152899
1.020726 -0.133421 0.272003
1.019666 -0.132787 0.27198699
1.0188971 -0.13348401 0.27137399
1.018322 -0.13406301 0.271458
1.012531 -0.25397599 0.26726899
1.0178061 -0.134517 0.27223101
1.017753 -0.13572501 0.272275
1.0177341 -0.13695601 0.27219501
1.012006 -0.254583 0.26727
1.0114011 -0.25463 0.26703301
1.0107681 -0.254563 0.26722801
1.010237 -0.254574 0.267138
1.015198 -0.137619 0.271523
1.015039 -0.13830701 0.27106401
1.014871 -0.138928 0.270978
1.0096641 -0.25511101 0.26740101
1.014292 -0.138886 0.271117
1.013908 -0.13883799 0.27132699
1.0133491 -0.138732 0.271819
1.007809 -0.25384799 0.26731101
1.0126981 -0.138712 0.271835
1.0120879 -0.13868999 0.271864
1.0113339 -0.13929699 0.27175999
1.005404 -0.25381601 0.26720801
1.010247 -0.13997801 0.27121401
1.004874 -0.253766 0.26734999
1.009631 -0.140533 0.27141899
1.0095119 -0.141147 0.27137601
1.008934 -0.14164799 0.271873
1.008227 -0.14227401 0.27168101
1.007498 -0.142388 0.27096
1.007531 -0.14296199 0.27115899
1.004161 -0.214462 0.268803
1.007009 -0.143574 0.271074
1.005832 -0.143583 0.27085799
1.000456 -0.25249299 0.26705101
1.005237 -0.14349701 0.27122799
1.005307 -0.144114 0.27120599
1.003877 -0.144778 0.270704
1.002593 -0.14529499 0.27101499
1.0021189 -0.145215 0.27137101
1.001915 -0.14642601 0.27138501
0.99573302 -0.259312 0.26660901
0.995763 -0.25993499 0.26660499
1.0007319 -0.14647301 0.270969
0.99513298 -0.259882 0.266745
1.000217 -0.14639001 0.27133501
0.99999797 -0.14762799 0.27121001
0.99463099 -0.26047301 0.26681101
0.99895 -0.14766499 0.27086899
0.99869102 -0.14885201 0.27100399
0.99794298 -0.14949401 0.27073601
0.99298 -0.25974101 0.267079
0.99757802 -0.14944901 0.27092001
0.996876 -0.15003701 0.27093801
0.99521202 -0.14935 0.27110499
0.99516398 -0.14994299 0.271191
0.99451101 -0.150598 0.27086699
0.99406397 -0.151118 0.271274
0.99327201 -0.15062 0.27058101
0.99313098 -0.15181901 0.27067301
0.99276698 -0.151838 0.27052799
0.99213201 -0.15171801 0.27105999
0.99142897 -0.152354 0.27083099
0.99131501 -0.152918 0.27105701
0.98615599 -0.25718701 0.26671001
0.99093002 -0.152845 0.27137899
0.99028099 -0.15282699 0.27138299
0.98952699 -0.15352 0.270854
0.98947799 -0.15413401 0.27082899
0.98433298 -0.25712901 0.26675799
0.98376602 -0.25832701 0.266866
0.98352498 -0.258881 0.26709101
0.98302603 -0.25768501 0.26687399
0.987535 -0.154761 0.27047801
0.98753399 -0.155323 0.27073199
0.98253298 -0.25642699 0.26689601
0.98267299 -0.25751701 0.26747799
0.98705202 -0.15538201 0.27036601
0.98201799 -0.25567001 0.267364
0.98229498 -0.25623599 0.26760301
0.986408 -0.155821 0.27115399
0.98139 -0.25581101 0.26677099
0.98575997 -0.1559 0.27066699
0.98036802 -0.25437099 0.26743799
0.98419702 -0.157042 0.270859
0.98390299 -0.157023 0.270915
0.98302102 -0.15825801 0.27073401
0.98281902 -0.158225 0.27088001
0.98257399 -0.158888 0.27057999
0.981942 -0.159483 0.270576
0.98075199 -0.159536 0.270152
0.98070902 -0.16011401 0.27031401
0.97993398 -0.160725 0.27021399
0.97817498 -0.160099 0.270051
0.97808099 -0.160685 0.27016401
0.97739297 -0.16062599 0.27037001
0.97259903 -0.25684199 0.26673701
0.97692603 -0.160606 0.27040699
0.97163498 -0.256221 0.266651
0.971596 -0.25677201 0.266909
0.97583902 -0.161128 0.27071199
0.97079402 -0.254949 0.26668701
0.97090101 -0.255613 0.26653099
0.975034 -0.161155 0.27046999
0.97039098 -0.25431699 0.266693
0.97379303 -0.16182899 0.26999301
0.97300398 -0.161768 0.27019301
0.97242302 -0.16249201 0.269557
0.97184002 -0.16248401 0.26952001
0.97018403 -0.16305301 0.26952001
0.97005397 -0.163552 0.270062
0.96939898 -0.164272 0.26944399
0.96808898 -0.164162 0.269811
0.967592 -0.164794 0.26965201
0.96750301 -0.165297 0.27017999
0.96694899 -0.165314 0.270024
0.96644503 -0.165897 0.27010399
0.96627802 -0.166518 0.27004001
0.966326 -0.167147 0.26996499
0.965725 -0.167678 0.27028501
0.96555603 -0.16892301 0.27016801
0.96149302 -0.249698 0.266904
0.96497202 -0.17026 0.26955199
0.96491098 -0.170774 0.270022
0.96084303 -0.249709 0.266801
0.96057999 -0.24460299 0.26734701
0.960388 -0.249101 0.26671201
0.96370602 -0.170693 0.27026001
0.95990199 -0.243467 0.266877
0.96000701 -0.24398699 0.26728001
0.96313 -0.171307 0.270179
0.95926702 -0.242778 0.26708499
0.96228099 -0.172015 0.269613
0.96134597 -0.179969 0.26958999
0.96128303 -0.172003 0.269546
0.95987201 -0.180668 0.26901001
0.95972002 -0.18621001 0.26892599
0.95995098 -0.17262401 0.26933801
0.95990402 -0.17374 0.26985899
0.95985401 -0.17554601 0.27001399
0.95956302 -0.17625 0.269546
0.959427 -0.181274 0.26899499
0.95928597 -0.182423 0.269344
0.95942599 -0.18315101 0.268837
0.95928198 -0.184358 0.268915
0.95895702 -0.187427 0.26888999
0.95911998 -0.18860801 0.26913401
0.95914203 -0.174422 0.269436
0.95910299 -0.174979 0.26969701
0.95840502 -0.189181 0.26923901
0.95831603 -0.191649 0.26918799
0.95783502 -0.189274 0.26874799
0.957816 -0.18983699 0.26897901
0.95473498 -0.23768599 0.26717901
0.95415199 -0.237711 0.26702499
0.95341599 -0.23708101 0.26698899
0.95494199 -0.19597 0.26871899
0.95296699 -0.236939 0.26751301
0.95437998 -0.19848201 0.26843601
0.95439601 -0.198943 0.26912099
0.95385802 -0.19656099 0.26870599
0.953381 -0.20455199 0.268709
0.95325702 -0.206396 0.268713
0.95198399 -0.231323 0.267602
0.95291603 -0.203924 0.26871201
0.95136303 -0.231273 0.26773801
0.95263201 -0.19959199 0.268774
0.95056099 -0.231282 0.26761901
0.95178598 -0.200157 0.26889601
0.95020503 -0.23117501 0.268015
0.95108497 -0.200239 0.268455
0.95113403 -0.200845 0.26850301
0.95107198 -0.20137601 0.26887101
0.95106 -0.201939 0.26910099
0.95114201 -0.202594 0.26894
0.95044202 -0.213302 0.26787701
0.94964999 -0.23062401 0.26769
0.95001101 -0.212015 0.26805401
0.94901597 -0.22938199 0.267645
0.94909197 -0.229958 0.26782399
0.94899499 -0.23059499 0.26773599
0.94839698 -0.22818799 0.267407
0.94859999 -0.228801 0.26745301
0.947972 -0.22304299 0.26818499
0.947644 -0.217593 0.26769999
0.94775599 -0.218264 0.26748899
0.94770801 -0.218785 0.267885
0.94777 -0.219354 0.268096
0.94755399 -0.22301 0.268278
0.94720501 -0.216295 0.26791501
0.94694602 -0.220009 0.26784801
0.946926 -0.22247601 0.26786399
0.94709998 -0.223093 0.26788899
0.94592899 -0.216277 0.267856
